21.14
40.80
27.00
14.70
48.15
26.42
94.71
28.15
67.48
59.40
63.48
178.80
17.82
104.11
11.75
28.46
62.81
46.53
65.08
10.88
13.27
90.21
132.43
33.26
28.73
63.49
254.56
73.16
53.31
149.39
182.93
64.84
328.05
116.71
76.65
84.31
58.17
131.76
89.14
59.42
39.86
79.73
25.69
274.94
215.57
198.47
36.55
53.00
51.67
119.09
56.72
186.76
150.02
216.02
254.41
50.07
31.48
172.22
59.80
74.15
23.04
173.55
66.54
176.32
47.97
35.76
104.98
147.38
80.64
45.17
282.29
25.28
233.46
54.86
87.31
301.45
103.66
65.91
21.42
49.40
36.57
130.96
13.38
273.50
173.08
14.17
84.28
223.54
92.30
110.59
228.17
32.42
88.11
80.52
27.86
43.77
150.22
31.27
190.93
114.12
111.87
119.50
13.26
121.82
31.13
147.18
142.70
162.77
90.88
52.31
11.16
61.95
107.18
196.62
34.61
165.18
177.81
59.26
166.15
114.20
216.27
30.84
69.26
69.40
67.10
104.82
58.93
136.26
47.31
64.93
113.04
56.05
54.23
202.48
52.39
66.43
181.51
196.51
101.59
66.85
110.16
71.90
128.89
45.76
85.18
53.38
26.87
215.89
84.38
101.19
250.26
79.53
119.88
79.57
45.82
55.87
10.14
103.42
36.57
189.84
56.93
74.88
33.56
53.14
178.90
76.61
85.36
135.25
255.67
150.05
44.36
78.29
187.33
37.17
79.16
155.48
197.87
61.09
112.82
31.14
21.27
26.55
58.90
57.33
31.48
161.16
100.77
142.58
78.49
83.97
61.13
40.52
95.42
86.69
18.92
71.53
72.80
134.80
65.42
57.83
37.23
155.55
63.34
118.06
101.36
27.27
55.54
46.26
109.66
264.22
185.30
85.68
57.50
61.02
191.37
152.96
37.06
8.32
69.02
131.52
162.48
44.35
27.59
168.77
49.82
106.00
276.14
20.10
57.63
27.15
23.47
321.61
86.35
173.28
13.43
3.78
19.13
53.12
133.10
3.98
172.77
68.37
44.73
41.66
159.93
131.41
50.33
21.40
67.01
7.21
26.23
89.46
63.66
128.11
54.93
135.14
199.94
70.13
106.57
31.39
44.62
101.07
117.32
41.45
97.08
114.72
75.85
124.82
42.56
28.46
25.51
14.29
47.00
17.51
16.18
113.93
75.50
72.49
142.97
95.19
52.05
121.34
93.40
58.26
98.00
102.64
6.21
39.68
38.31
25.82
322.71
52.34
56.85
81.96
87.81
176.18
119.16
118.50
45.50
99.84
233.57
17.81
266.44
53.38
42.48
91.22
53.09
15.73
28.83
22.95
121.21
127.27
99.60
76.87
33.55
2.66
40.41
176.43
51.69
117.02
38.86
19.22
50.74
87.93
50.20
192.49
9.79
8.76
12.67
35.32
207.02
190.73
43.37
103.56
131.04
99.55
65.92
7.61
63.32
10.48
74.70
17.79
23.58
20.46
36.26
62.62
47.55
10.45
27.77
37.35
80.19
117.54
24.05
10.92
161.85
60.73
65.34
47.74
46.00
71.84
77.86
38.79
27.33
52.01
119.56
24.11
118.80
89.66
90.71
47.27
142.69
50.13
45.96
69.54
19.76
18.13
57.60
69.89
38.59
26.23
35.21
23.25
52.92
64.65
8.61
83.02
30.34
6.35
152.16
21.83
57.27
