107.49
12.42
39.71
24.52
7.52
22.35
50.34
6.09
14.56
27.49
48.25
11.58
42.98
4.50
14.45
92.38
120.81
46.66
45.23
48.45
12.63
5.14
35.71
343.15
21.93
62.79
65.81
113.96
76.87
9.65
31.27
102.23
114.41
63.60
191.75
76.76
114.10
140.20
61.74
291.09
240.61
93.58
96.52
55.86
82.13
102.67
93.91
186.39
60.28
24.78
213.03
45.87
24.23
111.30
117.03
101.21
65.65
117.26
95.56
53.37
7.87
64.00
106.03
160.93
77.11
58.28
99.52
138.44
97.74
6.85
144.28
39.03
109.95
62.34
93.91
6.62
79.49
44.45
90.87
68.66
40.77
164.53
52.01
125.65
71.40
135.61
28.07
134.44
75.13
115.63
36.93
44.70
78.33
84.40
55.53
33.76
85.28
41.89
211.36
40.58
74.71
36.42
113.81
20.05
44.26
4.69
40.70
55.18
86.18
91.88
33.98
58.42
5.58
136.65
53.77
150.89
101.17
55.62
53.29
103.32
37.16
146.83
86.01
241.60
60.75
122.37
74.77
41.03
22.36
65.47
119.95
26.39
47.78
127.29
134.45
83.11
11.18
129.20
278.65
152.82
149.89
81.82
43.62
38.25
94.70
182.68
55.97
75.51
46.15
98.39
48.91
7.81
54.27
114.42
153.48
12.86
82.07
48.13
105.62
171.20
138.65
78.72
90.64
32.19
142.99
169.66
24.52
73.88
29.29
220.43
65.63
22.82
86.03
27.18
10.59
50.84
21.68
66.79
160.95
13.09
111.82
105.11
105.17
17.14
83.94
28.30
77.88
15.58
38.73
20.26
84.15
225.33
49.27
64.26
43.15
64.52
33.97
128.34
19.18
92.83
24.73
102.37
3.41
91.19
54.42
60.43
46.75
61.25
13.24
89.63
38.32
49.08
37.58
65.19
19.25
41.08
68.65
20.71
91.02
13.66
227.54
90.75
22.80
95.45
44.33
49.35
114.16
44.71
17.57
75.97
46.16
27.43
72.02
95.52
103.10
121.03
79.71
137.43
74.10
82.79
110.07
33.03
46.85
183.30
18.67
111.39
18.69
27.66
63.30
68.13
189.70
67.12
202.48
11.05
48.13
53.80
68.19
17.85
79.53
125.67
29.98
17.68
107.58
47.62
53.63
27.24
143.06
169.91
10.94
12.34
75.96
56.51
85.46
70.86
21.42
24.62
84.84
21.85
70.64
8.98
44.68
104.60
52.81
81.90
73.59
53.76
9.07
57.51
29.22
71.37
66.30
39.19
200.58
26.59
2.26
41.27
61.10
16.83
149.31
65.18
33.51
13.68
93.89
21.72
79.13
119.55
13.98
16.83
51.49
26.30
54.06
25.94
77.46
46.70
35.52
15.55
39.91
51.46
23.90
45.13
93.32
26.14
88.86
65.44
166.64
35.30
24.86
81.22
15.87
10.16
51.28
72.44
29.18
80.37
15.90
52.33
95.48
49.47
31.34
22.54
23.75
113.73
25.89
123.70
33.31
48.05
92.03
50.66
42.58
86.96
6.42
19.69
57.17
66.72
48.89
37.33
91.52
21.13
72.67
31.33
95.32
48.02
37.47
62.09
51.77
94.41
29.41
89.62
29.69
10.32
12.72
25.70
51.75
98.00
156.33
74.14
26.68
18.65
64.03
163.32
23.85
31.67
90.07
46.57
56.62
31.13
11.44
54.93
41.57
11.00
5.93
42.31
