54.14
182.49
87.14
58.00
154.09
519.91
101.99
99.82
266.62
166.35
194.82
39.83
229.12
134.96
314.27
56.53
1169.65
573.00
394.63
1252.35
624.89
495.53
682.98
136.54
72.21
815.72
129.18
151.33
427.04
866.58
194.60
328.90
126.59
329.58
361.34
180.73
538.45
430.10
128.41
397.48
385.85
133.23
78.28
279.74
1700.08
200.69
224.19
432.71
53.61
274.72
108.43
39.94
110.91
546.33
298.62
310.00
1055.26
336.38
492.34
227.36
88.68
159.70
161.81
150.37
102.84
1103.39
177.57
160.05
303.02
47.06
304.24
288.74
522.35
109.24
227.04
295.25
728.42
621.01
284.19
483.05
132.28
176.79
251.96
179.58
266.51
413.56
508.15
628.21
800.38
222.53
258.78
484.29
544.54
236.24
394.87
534.09
186.33
222.93
280.71
166.54
88.18
877.92
70.23
254.11
228.94
206.64
245.47
305.41
88.66
108.90
732.02
130.10
160.22
878.33
825.76
275.21
73.02
233.78
241.43
575.11
201.87
80.98
69.33
48.96
643.37
183.26
215.82
392.86
635.73
503.39
182.27
50.31
143.98
311.38
194.86
202.20
238.57
318.94
187.27
466.15
512.15
135.63
156.75
379.06
711.67
1174.54
526.31
187.19
67.51
390.02
527.25
312.36
298.25
183.79
291.47
247.85
141.45
173.10
380.47
70.41
1036.46
165.94
67.46
29.99
660.61
311.38
56.92
267.29
62.14
1053.34
336.95
443.38
71.10
56.22
392.35
609.13
272.90
851.07
301.71
362.20
169.70
231.49
36.77
434.67
109.82
137.63
488.36
328.47
801.77
172.95
230.79
357.27
220.66
622.02
277.01
115.86
162.46
568.76
164.31
249.80
54.40
98.20
422.78
337.18
185.69
550.28
196.34
765.79
192.67
727.36
182.77
44.09
138.86
702.57
539.79
217.14
114.16
86.77
168.60
420.72
178.42
318.86
258.34
350.15
194.54
219.12
28.98
227.37
175.65
274.00
153.94
223.25
550.41
271.02
205.65
619.47
364.29
51.84
410.66
149.75
302.47
133.60
160.03
212.93
251.98
334.06
383.37
342.59
150.94
220.80
175.18
225.76
152.37
205.09
78.05
288.22
91.93
471.88
11.11
73.57
232.54
133.60
147.88
176.98
61.66
597.13
448.69
197.80
280.34
624.14
127.66
70.18
201.69
347.22
164.57
344.18
268.44
37.21
70.63
301.98
109.27
297.82
304.27
90.43
218.73
33.30
149.56
260.76
493.66
121.89
200.71
105.87
368.56
130.21
327.71
118.06
253.80
142.03
28.14
450.41
339.30
328.91
153.85
171.67
173.70
78.89
375.78
359.72
196.70
272.40
155.78
52.16
120.08
166.53
532.68
173.75
240.15
222.95
177.55
279.53
201.05
255.00
163.87
494.82
88.89
127.95
512.58
197.48
195.71
146.71
248.50
92.72
423.90
66.43
243.53
90.25
128.22
336.36
200.61
102.13
314.12
321.90
495.71
350.73
140.34
208.91
313.64
243.01
488.94
685.97
405.49
112.40
354.46
47.08
338.30
45.51
77.81
81.94
399.02
253.41
52.44
501.89
506.60
120.76
450.04
238.21
159.86
273.28
115.07
92.81
119.59
299.30
122.58
181.77
252.71
113.28
114.05
20.73
220.62
86.49
119.15
589.36
223.92
