99.44
130.35
103.14
65.86
199.50
158.59
163.83
56.28
209.90
62.12
69.97
120.77
111.87
194.77
188.00
151.13
299.44
276.52
39.98
131.62
107.86
156.17
203.90
43.35
357.21
382.22
303.60
227.81
35.99
303.77
237.59
53.42
136.01
194.01
189.57
390.06
182.07
97.75
204.53
216.35
95.86
152.14
125.19
500.20
168.22
259.81
374.37
43.75
463.28
146.87
192.48
105.25
41.78
429.48
241.00
246.85
305.10
293.55
277.34
257.17
133.81
164.90
69.23
48.91
157.04
884.67
349.81
73.25
181.76
111.11
164.71
152.39
222.48
388.46
60.13
139.91
322.58
34.73
283.69
37.94
374.81
223.79
395.67
207.83
66.74
461.58
185.64
36.15
300.96
337.03
76.91
530.07
75.25
725.38
291.89
230.79
99.05
73.69
90.75
165.68
141.24
391.03
490.67
49.65
368.78
125.38
47.42
215.29
188.23
120.39
203.53
244.97
486.69
72.18
144.22
447.32
910.20
59.71
424.43
165.42
184.57
70.96
264.61
224.23
70.18
118.17
159.68
165.44
190.15
294.02
356.72
149.41
171.90
299.25
106.63
60.65
108.91
364.78
243.29
249.18
243.49
33.38
282.99
458.59
620.99
149.79
159.47
143.62
345.23
312.12
553.66
284.66
250.83
176.96
353.73
234.29
257.26
249.64
334.61
519.20
254.56
48.01
40.56
345.10
84.07
251.12
78.60
117.43
267.51
214.45
215.45
296.40
421.25
70.53
180.05
356.82
118.97
215.77
108.02
179.78
104.14
199.76
265.39
222.87
225.35
143.26
317.15
544.25
332.43
370.58
615.72
128.53
197.09
518.67
119.70
54.48
251.91
244.39
93.67
381.01
303.24
576.38
195.88
442.32
261.67
170.17
175.07
38.52
104.42
395.28
195.43
122.54
687.24
28.81
286.61
208.80
220.67
68.93
128.95
254.34
30.96
100.74
311.46
102.73
182.10
247.00
410.31
432.70
21.19
366.46
172.50
37.44
124.67
305.30
138.79
96.21
50.06
135.05
123.84
21.92
71.59
87.89
117.92
103.01
216.36
38.83
6.31
60.08
83.45
396.12
460.49
82.69
226.86
83.74
9.56
303.82
146.72
133.62
129.56
285.83
347.23
283.16
11.43
268.25
251.01
237.28
138.69
110.95
210.86
138.27
71.12
112.39
230.30
98.92
356.67
77.34
66.32
214.22
271.84
71.86
135.77
17.17
59.80
94.37
29.59
56.57
20.98
176.09
182.99
119.05
135.63
199.58
186.31
127.71
40.46
62.65
24.96
248.42
50.27
214.10
377.76
99.63
23.93
112.95
141.16
160.39
119.80
147.71
203.15
396.70
113.96
172.78
199.56
161.22
28.77
84.56
63.42
18.43
107.90
292.22
56.95
83.53
117.15
61.10
173.01
475.22
133.95
129.36
11.42
140.05
41.04
189.42
165.86
38.78
248.24
314.01
193.00
179.13
42.88
219.19
182.37
209.41
149.08
37.96
149.20
181.21
592.73
134.38
16.05
260.87
132.87
39.78
230.46
45.44
152.22
42.75
106.61
69.89
97.53
135.41
71.73
64.46
142.43
214.92
74.96
83.81
216.84
29.36
13.51
147.14
241.00
98.90
100.25
86.63
297.59
281.71
103.23
29.94
148.76
96.11
53.48
90.55
284.25
140.23
