31.29
17.03
27.86
13.39
45.89
40.24
16.92
42.36
23.64
34.69
17.00
13.45
16.15
14.78
21.04
42.66
42.18
5.61
60.76
26.12
40.96
28.68
13.91
12.42
0.92
27.83
18.56
100.58
41.88
63.09
4.53
17.99
80.56
53.46
6.46
2.56
42.56
28.66
121.56
59.80
104.08
110.90
55.89
25.03
54.76
41.94
42.56
41.53
19.64
142.84
17.14
102.98
25.18
21.41
24.30
14.11
65.02
27.32
16.67
24.18
82.30
79.82
63.02
19.03
28.06
99.75
110.79
53.26
67.18
81.29
50.00
64.28
9.83
95.40
32.76
26.67
36.96
68.36
29.26
13.38
33.44
2.09
25.80
58.11
32.71
36.40
78.58
48.26
19.00
2.81
38.06
18.45
61.92
25.07
12.56
17.75
88.34
14.35
92.01
12.70
19.19
50.76
24.63
73.64
81.69
75.41
65.05
14.66
52.41
39.33
44.68
174.30
35.48
35.99
16.19
22.86
21.89
71.87
76.30
23.29
16.97
120.22
36.55
49.07
47.58
12.61
19.36
101.01
38.62
51.80
37.33
58.17
11.59
67.50
81.34
5.07
38.37
24.18
23.31
53.05
16.59
102.80
90.24
56.81
7.84
27.06
90.71
161.32
73.36
45.53
52.19
47.43
37.15
41.63
5.66
131.04
73.76
54.72
33.04
40.97
12.26
163.14
15.17
58.47
23.23
40.75
7.36
6.60
37.63
34.78
13.11
97.80
26.53
28.97
14.23
32.70
105.85
16.51
56.00
18.92
88.12
29.88
47.21
70.04
37.97
14.75
41.97
46.16
22.07
15.35
87.19
42.12
59.57
58.40
14.06
21.23
50.08
25.23
22.42
23.61
47.92
60.48
59.53
18.70
23.81
67.26
39.57
39.06
43.28
90.15
46.28
39.19
32.64
38.65
25.93
31.22
31.86
45.76
75.75
57.96
79.82
20.39
36.01
127.26
79.84
57.19
6.82
6.12
33.23
52.17
42.22
42.50
67.99
22.16
25.39
9.52
26.22
116.29
16.25
63.14
82.67
32.55
29.49
13.98
27.14
29.35
10.84
41.70
30.08
83.57
18.99
68.19
10.80
36.65
31.19
23.03
73.30
33.30
8.88
30.40
41.06
26.06
8.93
9.36
70.54
16.93
106.29
39.35
14.53
25.05
19.40
27.19
43.69
35.87
25.91
43.75
39.51
100.77
27.79
5.54
13.82
12.13
6.69
7.36
23.23
7.38
130.85
33.74
1.92
31.14
16.54
7.73
28.82
69.33
6.58
28.15
43.66
30.65
18.66
18.30
27.70
44.09
96.33
16.78
25.86
19.60
35.23
29.80
3.12
34.74
35.63
2.88
42.65
27.04
38.77
12.63
12.36
14.11
44.98
9.36
4.21
17.32
5.10
69.52
17.78
48.71
36.83
22.60
21.14
10.95
55.17
13.45
11.73
36.84
57.11
32.54
38.05
45.39
13.83
15.02
11.82
13.02
44.01
14.23
77.93
37.09
20.58
40.74
31.36
25.19
7.77
28.60
13.20
6.12
15.53
5.43
28.73
6.83
28.89
9.49
48.55
11.28
124.59
8.07
74.07
37.17
31.82
34.19
22.46
22.65
71.64
6.34
16.46
19.95
62.50
9.08
51.44
45.36
2.59
66.96
18.76
46.70
20.04
25.62
45.52
37.06
26.59
19.07
16.17
62.16
24.61
88.32
6.82
25.56
45.79
39.78
48.25
39.50
