73.43
16.06
43.18
10.75
26.34
54.79
12.65
34.79
43.17
26.36
26.14
62.17
51.13
4.65
11.50
52.17
26.47
39.55
102.32
25.38
69.10
57.09
138.76
10.12
59.17
9.03
14.73
49.80
68.68
212.27
32.33
47.19
45.35
52.49
285.87
39.50
24.66
39.04
82.25
56.52
113.77
189.13
10.87
60.84
146.53
229.27
140.64
54.12
90.88
126.41
21.05
73.41
54.46
20.13
94.79
125.99
55.81
173.76
50.08
186.50
73.38
123.83
49.52
88.11
45.50
64.14
34.73
7.49
42.24
81.26
59.42
42.73
69.68
42.44
46.63
25.38
119.12
111.13
25.57
53.68
91.50
96.51
99.59
87.68
113.37
147.51
52.12
8.73
66.97
26.55
144.66
109.49
116.36
96.16
42.81
25.79
43.62
122.04
93.62
22.44
79.50
27.13
85.38
32.98
77.99
45.04
55.78
106.24
30.68
77.22
36.92
55.55
85.90
69.99
44.42
86.85
37.79
58.23
92.63
192.44
23.82
109.93
8.06
40.39
96.85
84.16
107.75
29.89
4.85
62.03
72.81
116.56
85.71
39.34
49.32
33.50
37.18
85.19
41.85
53.17
211.30
61.69
123.49
36.58
48.94
91.29
76.33
49.54
233.98
11.21
39.34
43.24
66.56
87.45
28.50
25.33
59.84
29.50
9.47
48.62
34.76
75.98
57.22
74.56
85.78
14.87
56.12
39.13
141.18
105.73
36.38
11.96
166.49
129.27
132.05
110.12
117.89
23.77
120.12
18.54
21.82
12.39
36.47
53.05
48.62
182.59
110.76
56.82
20.31
50.44
114.56
73.42
10.46
18.41
21.34
73.14
111.66
82.11
94.58
37.23
6.22
31.95
47.77
15.61
21.71
18.08
60.93
4.74
73.26
83.39
26.23
17.41
55.23
34.94
19.57
34.61
77.20
9.75
30.64
3.72
95.51
67.04
96.35
25.48
82.14
10.99
34.34
29.97
25.39
50.98
92.94
111.53
38.69
61.91
16.87
45.45
47.14
11.49
11.21
1.03
32.24
37.86
40.80
67.76
104.92
36.64
36.01
18.54
21.40
93.90
27.36
14.90
46.75
10.06
16.84
18.30
116.43
36.33
30.37
136.13
17.24
52.02
51.66
7.12
37.24
34.56
50.73
110.08
39.40
54.85
67.68
13.66
28.70
21.15
66.46
50.52
32.14
25.93
15.50
41.93
55.85
8.97
50.42
43.93
10.96
37.39
44.41
12.24
16.86
40.26
44.77
55.86
27.00
35.93
10.77
41.77
13.98
85.87
8.32
11.05
19.50
24.01
31.48
31.40
48.90
25.85
29.26
49.28
93.05
36.72
56.88
19.82
8.93
6.59
50.77
18.36
56.88
27.53
9.36
37.20
58.94
150.60
100.49
41.21
131.09
77.39
26.34
13.40
28.76
48.06
23.03
24.74
104.21
26.05
51.46
19.36
34.47
53.13
14.38
30.80
16.24
98.59
12.53
49.58
16.90
46.79
10.75
61.58
28.97
118.17
45.19
56.36
17.73
76.64
88.57
121.60
16.11
67.96
43.36
24.31
32.15
18.82
52.29
72.29
10.90
47.95
28.12
5.87
103.99
54.91
97.06
52.94
108.92
37.13
68.43
9.07
143.12
64.22
37.22
47.76
100.78
39.76
25.26
38.70
30.03
39.78
60.85
89.82
12.71
53.26
35.36
81.64
4.54
72.21
38.02
16.35
29.26
