81.21
109.63
52.72
29.61
60.82
72.71
34.91
89.84
14.64
63.06
30.12
49.43
140.65
23.25
56.42
55.56
57.28
19.68
47.79
72.24
123.68
41.55
144.90
53.31
96.45
84.96
58.44
26.91
72.31
57.62
58.03
255.64
254.67
100.43
5.81
142.78
123.06
78.90
31.77
117.80
22.29
32.73
62.73
80.52
39.89
20.01
55.87
90.49
69.87
30.25
85.37
81.30
38.14
63.09
63.80
69.63
58.60
70.00
5.59
51.99
34.96
129.56
55.41
88.86
225.11
55.37
89.58
127.53
21.32
8.33
183.31
153.12
20.24
164.36
216.76
35.14
134.45
23.23
125.26
43.92
149.61
101.88
105.44
140.88
66.76
108.11
63.67
165.04
9.34
39.72
113.85
173.97
65.14
83.12
123.15
527.60
417.44
224.08
35.09
282.79
80.56
94.35
110.50
136.79
177.11
91.10
105.34
110.39
40.99
35.38
237.72
57.08
68.94
27.02
184.21
10.17
72.05
177.16
99.63
10.54
74.77
48.63
184.21
57.37
4.57
260.45
27.18
63.43
111.35
79.59
2.17
94.31
51.62
78.27
154.96
184.34
86.21
95.59
49.80
66.13
50.17
40.84
64.74
46.44
24.00
20.74
56.02
63.48
15.11
92.71
25.25
8.08
58.68
20.54
13.29
67.93
78.08
206.24
192.35
76.34
13.86
75.72
60.31
116.72
242.53
89.80
296.72
192.58
67.62
90.94
24.19
199.07
40.76
10.51
64.97
165.07
54.21
143.83
30.20
47.22
57.77
21.06
43.81
95.50
194.62
59.07
65.05
96.11
55.39
31.66
86.01
86.88
45.31
27.52
76.67
26.23
105.44
67.39
51.13
165.13
34.79
25.45
78.92
88.61
157.74
78.82
86.30
89.78
65.77
102.46
63.80
49.43
94.39
28.38
91.86
16.35
99.67
98.75
87.47
119.34
23.94
143.36
59.67
303.63
60.01
35.33
99.60
206.55
73.36
39.70
44.93
138.61
140.40
87.27
41.84
37.21
125.04
70.65
140.28
16.39
37.35
10.09
78.92
77.15
51.41
93.24
82.94
12.90
58.25
127.46
166.15
69.51
159.17
205.13
95.91
74.43
29.62
91.16
126.49
88.92
53.64
177.64
106.62
45.96
138.17
22.70
109.84
189.81
92.17
61.18
110.27
57.11
15.79
89.05
48.00
127.75
124.33
49.54
80.92
140.63
31.14
54.09
128.87
48.85
19.06
89.34
24.72
136.47
31.64
100.64
127.54
28.70
59.90
56.07
32.13
34.46
88.59
152.42
42.55
12.01
28.59
136.43
9.03
132.45
17.15
24.32
33.28
81.69
58.32
20.91
66.32
210.23
27.72
74.34
14.75
29.39
56.37
29.23
149.13
120.77
223.13
98.91
23.97
26.37
72.41
109.17
16.72
28.38
7.15
31.41
60.77
124.28
14.32
134.81
77.58
70.88
49.08
4.29
27.60
56.97
26.94
150.62
62.49
46.25
60.25
171.93
66.10
65.83
44.62
90.97
19.61
108.31
12.54
13.99
61.91
73.16
102.77
32.49
43.53
80.47
37.48
72.19
47.11
73.65
82.71
63.77
101.45
85.00
125.60
4.05
26.19
25.28
58.21
190.89
88.21
29.85
18.16
13.49
22.73
32.37
21.48
69.90
37.74
92.02
71.70
28.65
52.73
64.41
44.90
156.95
42.82
95.02
6.54
38.34
29.63
19.30
7.95
71.97
127.90
95.82
86.82
90.49
