41.11
31.83
174.86
146.04
62.43
19.93
70.04
97.81
45.87
34.60
6.40
40.29
64.60
150.10
57.38
28.72
413.07
71.04
58.19
208.89
34.80
43.09
166.55
120.54
366.19
89.93
186.74
258.90
51.04
95.57
242.71
109.04
224.52
182.97
399.71
274.33
259.55
191.19
124.76
104.02
70.54
39.22
141.87
41.23
323.29
452.21
39.23
246.35
84.37
169.13
416.93
125.36
586.46
72.91
96.50
168.45
192.26
338.35
164.28
49.56
199.62
290.52
143.90
62.52
129.99
143.74
263.49
266.98
192.40
147.42
31.88
175.61
128.27
228.59
29.99
168.87
24.24
44.96
120.65
377.70
484.66
48.98
87.71
120.15
14.34
210.91
182.10
83.14
82.58
146.81
359.72
366.70
235.26
583.24
76.04
32.37
41.43
164.20
117.02
208.00
112.52
93.93
122.47
54.56
95.94
73.08
68.47
112.20
109.18
114.57
41.06
24.59
102.09
220.11
125.45
373.59
50.16
245.89
81.95
217.36
213.14
37.35
106.93
135.05
425.02
265.98
114.66
427.46
151.70
260.50
94.57
178.90
208.54
224.16
200.84
156.40
103.90
101.83
174.06
167.65
246.01
24.90
158.57
67.75
131.92
116.09
89.94
50.82
30.06
177.01
54.30
68.67
49.33
133.39
248.62
68.28
72.42
174.08
162.80
52.01
45.30
88.77
128.79
177.76
133.81
100.81
211.00
64.32
249.09
225.92
21.91
132.64
99.59
51.56
89.15
83.13
61.04
201.71
116.45
142.47
186.96
64.66
463.47
200.89
38.74
283.71
144.62
205.87
77.28
357.60
37.86
86.07
441.98
110.81
77.92
289.24
284.85
123.82
149.35
113.32
21.80
63.20
147.47
49.35
129.80
41.51
91.71
55.98
202.08
228.94
192.03
300.26
102.35
131.64
183.56
63.89
69.00
33.93
201.57
156.06
169.57
59.49
283.20
35.91
112.48
192.39
45.71
195.69
66.89
126.16
186.35
134.57
17.57
59.09
113.79
188.66
280.78
36.00
135.11
283.46
305.87
69.42
157.37
79.35
131.28
100.62
68.35
201.18
68.48
42.61
39.62
360.30
120.04
77.31
127.76
135.85
197.02
62.54
70.26
54.06
360.65
171.48
87.46
95.10
47.11
126.61
134.67
57.85
176.30
39.30
224.10
49.36
21.52
101.52
102.44
7.38
103.92
122.25
53.65
238.18
48.44
33.49
101.84
229.47
126.71
135.36
64.35
15.28
188.26
51.91
30.88
204.06
141.06
49.51
80.33
25.43
108.50
23.71
84.11
52.84
38.28
363.37
52.09
55.87
49.36
177.83
218.90
168.29
126.32
118.11
65.31
53.75
114.70
119.06
39.77
406.86
34.05
127.84
40.39
94.20
3.43
159.58
66.70
94.26
23.43
453.20
68.53
162.99
183.93
67.30
147.82
72.15
163.95
69.91
444.00
62.09
35.56
231.84
321.97
153.59
76.38
57.71
119.41
257.02
172.39
168.43
47.29
172.47
27.03
168.55
192.89
86.01
107.03
69.17
56.61
107.13
203.69
40.20
87.12
21.94
265.03
21.24
85.09
121.70
94.13
30.02
42.18
127.91
86.82
26.46
18.55
178.62
88.88
65.04
181.70
220.31
167.23
79.95
69.55
88.71
66.55
130.65
130.68
98.84
