25.61
51.79
131.18
49.30
135.25
341.08
119.09
202.20
33.46
34.24
165.99
56.48
58.19
21.08
189.83
598.03
413.97
138.51
305.72
98.75
30.80
133.88
456.68
351.39
634.45
186.45
146.66
361.03
266.12
107.84
109.41
98.15
384.46
363.74
193.35
212.34
101.58
273.92
59.02
94.61
132.76
604.13
145.11
687.45
184.51
114.28
1349.05
395.27
137.06
384.36
1196.56
258.16
454.48
381.14
361.71
246.75
357.72
288.30
230.48
255.66
472.18
27.86
471.05
123.89
16.03
187.76
46.59
382.90
193.93
109.47
162.72
548.06
85.30
155.27
261.02
185.78
138.78
414.05
391.56
221.08
229.62
211.97
478.77
38.66
265.04
151.24
258.30
163.35
572.46
311.61
72.57
3.83
333.49
487.48
482.77
64.51
134.14
416.51
38.68
56.69
67.88
66.45
126.69
235.27
519.42
439.28
443.39
138.01
170.61
132.13
172.68
104.81
675.09
119.85
725.25
485.27
113.76
176.76
573.38
188.29
122.47
480.40
70.10
592.53
130.20
644.10
161.16
142.24
204.53
614.46
397.08
207.29
935.00
148.66
121.23
120.45
172.99
312.59
113.41
277.42
306.02
145.96
230.59
135.83
267.35
370.90
56.90
415.58
535.88
237.93
85.59
699.67
324.30
152.35
185.76
71.90
287.84
477.08
149.00
51.75
106.01
133.57
175.13
379.65
276.59
506.62
425.55
6.58
133.23
215.02
204.85
11.36
66.74
97.27
155.98
392.11
103.74
72.82
83.79
256.14
268.30
156.10
380.10
89.54
181.55
32.40
623.32
262.18
62.19
92.72
92.77
84.18
321.07
40.20
158.25
169.46
134.01
148.17
102.35
33.54
622.94
357.93
38.72
376.90
104.71
315.84
460.07
79.80
425.42
70.55
153.76
63.43
315.32
144.61
499.79
256.43
157.27
216.82
258.79
48.25
463.08
59.12
353.15
164.38
434.72
138.12
101.21
370.30
402.15
176.10
321.81
343.10
176.44
338.87
395.30
33.45
173.66
234.29
270.51
185.53
180.45
435.62
148.89
603.01
26.84
158.80
169.44
397.15
316.59
162.86
68.24
168.54
125.09
9.29
374.29
7.25
83.41
159.38
371.31
282.21
254.64
335.05
415.61
236.69
337.86
119.51
270.21
276.75
24.01
222.33
73.91
106.00
160.04
82.97
184.61
184.02
118.99
218.89
93.20
105.75
80.40
47.81
156.17
95.43
135.07
209.95
192.49
70.63
332.60
367.39
114.82
265.09
104.63
155.75
131.88
137.72
142.32
193.91
109.10
108.05
71.46
135.93
309.15
29.02
26.00
222.03
254.22
203.78
37.43
401.32
21.76
463.46
177.63
194.23
328.08
222.57
177.97
65.42
317.63
59.10
89.85
227.94
128.92
63.19
78.15
81.34
96.56
346.02
173.00
125.84
116.36
306.21
99.79
633.63
81.51
144.78
178.68
185.25
72.37
280.42
272.61
38.29
164.37
230.81
154.73
149.73
157.28
92.46
58.18
264.99
261.58
86.26
117.47
138.32
110.65
209.61
209.96
274.41
203.24
110.94
27.30
68.81
31.18
47.38
54.64
279.03
471.90
94.08
93.55
191.86
90.15
147.04
91.30
226.77
151.44
179.37
95.90
526.57
81.11
266.46
133.76
181.87
189.00
155.00
