127.25
59.62
100.16
66.14
43.44
78.04
21.14
132.49
35.42
297.63
86.47
87.73
62.98
136.03
111.16
87.54
39.72
72.36
68.84
85.91
180.64
26.44
220.75
201.16
92.61
128.64
79.95
61.38
236.50
341.14
108.23
392.43
53.74
213.60
177.37
92.06
329.13
23.44
23.23
125.22
154.30
88.84
6.79
76.87
389.14
267.62
121.44
76.05
226.71
40.34
69.48
66.63
20.50
124.29
92.93
118.85
162.37
151.20
85.80
57.19
134.65
113.41
165.17
358.36
50.07
123.90
215.71
195.62
62.01
226.61
87.78
101.83
45.27
157.08
130.63
288.28
68.83
221.13
97.19
34.44
59.39
10.77
65.80
110.99
287.87
236.17
237.46
89.07
215.95
28.08
29.51
137.46
136.27
253.54
82.37
85.16
243.57
1.02
79.25
95.01
66.25
312.49
70.64
140.93
155.62
75.81
144.03
201.53
133.76
37.85
72.57
185.90
25.94
132.54
166.77
48.82
54.58
197.85
133.37
94.41
188.14
57.40
90.50
117.55
75.28
290.41
199.49
124.67
198.14
104.17
207.24
158.16
115.76
192.63
55.77
102.47
141.13
156.80
157.53
88.19
173.28
60.61
275.81
342.10
103.28
64.71
57.19
516.30
339.47
220.36
31.00
369.21
298.44
113.05
262.00
280.14
170.11
103.37
78.48
399.32
595.20
266.72
158.42
91.13
92.53
51.23
96.40
75.00
296.20
121.23
111.02
103.98
141.40
57.59
132.70
16.30
102.20
27.85
179.25
142.50
120.84
69.18
151.93
47.79
181.79
51.57
209.91
51.72
108.32
188.90
34.88
103.05
70.45
257.53
118.27
36.14
435.05
7.52
3.96
165.58
198.10
56.99
182.36
11.81
616.98
126.09
56.26
211.89
23.90
64.53
154.56
72.18
18.74
156.78
170.14
287.08
185.65
190.08
116.38
93.81
135.95
60.60
180.96
334.39
205.86
133.10
87.54
138.76
16.90
63.54
35.86
119.16
158.96
65.60
421.95
41.59
32.91
91.85
164.29
175.82
137.35
92.77
48.13
174.68
146.57
265.10
393.06
32.08
378.09
182.01
70.79
140.91
115.54
29.69
36.31
62.80
22.68
272.48
78.44
137.78
60.34
65.58
12.93
36.13
94.32
103.24
296.51
16.42
23.84
249.34
101.83
169.46
50.26
153.63
131.23
114.90
48.92
131.99
271.08
72.78
103.15
40.09
54.87
53.15
39.85
108.72
31.66
167.62
125.81
103.10
35.19
107.51
51.54
124.39
61.51
63.41
57.44
159.14
41.93
29.86
75.76
61.56
136.48
76.24
47.63
52.51
123.47
57.89
164.46
146.11
22.67
5.26
59.74
37.35
64.19
54.23
205.52
80.17
27.18
111.37
58.04
14.94
82.34
107.27
236.03
61.05
49.52
36.40
79.03
54.38
39.11
79.75
240.49
178.12
70.15
190.87
96.96
61.35
19.21
153.17
176.35
173.55
41.13
81.73
132.83
186.98
142.28
164.04
28.99
60.76
40.13
138.46
85.39
13.66
43.05
183.31
53.55
56.08
26.81
23.21
70.31
18.95
54.59
177.17
90.07
32.98
106.37
51.29
146.39
75.04
68.91
54.87
85.53
11.67
110.54
67.39
122.25
57.81
189.29
177.77
138.73
71.62
125.60
114.91
