56.08
25.02
8.78
2.57
75.81
6.07
37.79
9.89
23.02
2.58
24.61
11.93
5.64
30.42
15.71
22.01
1.31
17.66
14.25
31.91
24.06
2.64
33.79
25.24
26.60
12.63
14.43
15.92
104.80
67.11
94.57
9.41
7.88
50.78
106.92
45.12
17.60
23.96
2.50
4.59
93.02
36.82
42.79
21.99
69.91
19.04
21.47
23.95
53.68
22.89
18.10
18.23
60.11
130.79
111.35
54.36
74.48
5.38
12.47
49.32
40.75
29.71
9.69
22.18
34.20
33.89
34.36
64.88
41.19
11.68
80.10
25.92
14.30
20.89
32.52
34.92
126.62
37.69
14.85
53.87
11.87
67.06
21.05
26.68
13.77
74.52
25.16
19.43
9.25
53.78
28.91
22.86
4.90
47.98
20.32
57.32
24.63
84.24
43.75
16.39
14.38
54.55
18.84
30.87
33.39
77.61
19.78
47.78
4.59
10.92
104.99
80.21
43.20
26.60
78.43
21.18
19.78
13.55
27.53
43.70
20.78
16.22
13.08
22.60
55.13
62.42
38.71
54.68
45.32
16.08
27.18
35.92
31.95
14.84
39.33
30.96
2.84
87.40
57.55
19.10
4.29
27.82
78.81
30.34
2.96
77.39
42.20
29.61
33.75
82.79
34.62
50.51
58.19
53.66
63.14
18.98
8.24
30.95
87.84
20.70
87.75
43.43
27.30
30.04
122.33
22.10
40.58
111.16
47.08
30.76
43.78
27.92
103.02
11.20
22.12
11.60
15.17
21.58
20.14
68.08
6.84
65.26
43.75
61.07
28.25
14.14
8.30
30.28
33.17
24.34
39.50
4.96
27.27
14.78
3.90
38.24
44.78
47.88
88.43
22.55
23.71
23.73
21.84
8.59
55.64
44.98
20.98
23.99
24.88
8.71
74.13
17.71
81.03
49.31
37.28
32.78
90.96
16.34
95.87
61.40
33.17
57.32
91.29
24.44
24.85
19.49
29.63
52.43
13.10
17.68
29.53
21.20
20.96
41.64
19.05
3.76
38.27
88.87
22.72
68.13
26.15
33.44
34.12
26.34
20.71
40.56
101.15
45.74
8.41
25.05
54.75
35.10
44.12
17.71
23.32
25.11
2.13
28.16
17.48
42.22
22.22
11.63
51.04
51.87
86.63
20.26
42.05
21.19
13.17
7.77
2.31
15.35
31.29
15.32
8.23
22.89
15.33
23.63
12.91
23.90
43.16
31.64
10.90
5.30
106.68
5.25
45.69
16.73
32.62
49.57
47.93
21.97
7.25
30.47
30.92
5.17
20.09
43.51
21.85
25.62
50.38
33.97
12.47
47.19
24.03
71.36
14.86
5.38
4.65
21.33
54.20
20.68
4.72
21.81
29.11
19.76
27.87
7.49
32.02
18.50
8.25
44.42
10.38
7.33
16.73
14.85
77.57
31.50
43.07
9.91
23.04
26.47
42.68
35.46
14.26
15.47
7.42
16.35
46.76
52.91
61.56
51.54
20.94
12.21
17.97
7.96
26.11
16.40
16.36
36.97
23.46
7.50
19.13
22.23
66.42
12.39
21.64
19.01
16.37
50.79
9.00
25.24
14.58
42.59
80.69
16.09
35.45
0.78
27.27
7.95
37.11
21.49
10.15
28.71
3.73
29.66
51.97
19.97
13.15
23.69
6.41
15.28
19.41
12.53
30.60
9.42
20.59
8.20
53.94
42.50
4.41
15.90
55.11
82.06
66.98
59.69
11.03
32.28
