52.73
152.34
366.31
163.52
20.18
85.69
75.05
113.35
62.14
108.53
80.23
63.38
23.32
126.99
50.40
33.63
38.86
76.86
387.23
121.51
260.24
66.54
268.92
174.00
194.73
128.40
144.07
43.63
92.01
50.51
125.94
193.51
263.64
174.46
76.77
80.02
70.78
54.56
49.56
48.35
78.12
192.34
21.36
88.23
49.77
186.03
60.71
351.26
63.67
209.29
124.36
83.66
12.87
196.38
53.26
145.70
125.33
122.06
70.36
105.57
244.03
193.64
308.10
27.18
147.38
96.26
85.56
185.51
72.66
279.87
165.71
30.62
155.46
47.17
125.33
74.60
226.16
105.81
252.75
55.92
116.73
142.22
43.08
151.34
152.84
219.91
36.33
32.06
139.08
107.35
482.36
260.76
292.89
178.62
243.98
20.33
217.40
178.14
65.56
256.33
460.58
168.40
191.96
32.56
65.61
165.90
160.40
127.11
49.84
113.25
82.84
34.86
37.10
98.57
76.04
205.92
213.47
191.42
102.31
20.55
186.63
89.43
227.57
119.86
458.57
62.49
90.61
212.16
208.34
120.10
252.48
230.49
104.38
122.70
68.78
169.87
164.92
92.52
67.30
256.58
158.06
79.18
210.10
93.54
87.52
281.77
167.26
246.39
27.73
140.77
654.22
105.93
127.00
175.66
187.95
58.15
20.93
215.46
23.14
47.56
87.42
62.41
157.33
247.11
313.64
16.59
46.12
91.60
261.31
79.00
107.15
115.34
127.63
311.07
80.09
101.88
55.63
113.58
93.13
446.65
126.45
58.95
149.56
71.33
360.01
203.04
173.51
25.71
70.16
60.98
165.91
118.04
40.00
155.12
155.58
80.56
122.13
56.50
31.84
174.45
229.58
18.62
71.54
338.51
123.23
220.90
165.90
60.10
146.44
83.98
182.71
290.64
244.20
8.12
195.35
209.25
287.45
267.31
77.03
254.20
237.17
80.91
234.68
152.31
152.47
98.94
163.41
147.35
35.43
43.61
173.63
133.24
125.73
110.35
201.94
67.40
24.63
173.82
68.89
38.90
86.80
31.25
107.02
102.56
197.32
91.16
69.72
129.45
73.36
58.11
122.31
18.30
135.47
72.31
89.64
109.75
160.49
220.54
145.94
63.15
97.28
58.66
298.86
30.62
43.87
60.46
103.43
71.82
68.21
37.21
12.06
123.18
106.51
87.46
149.67
89.55
52.88
134.07
370.04
25.85
54.29
13.78
51.32
224.44
18.63
156.10
118.16
277.36
90.65
124.39
30.53
67.13
187.46
36.11
67.56
99.75
13.61
38.19
54.35
78.12
93.22
105.27
98.85
83.38
27.67
29.25
24.62
52.76
77.30
127.35
38.34
29.35
72.92
147.50
34.70
23.36
107.48
53.10
164.30
121.78
76.29
27.56
81.90
113.08
104.51
207.09
37.72
12.30
97.31
131.00
244.45
78.10
153.30
24.46
70.74
28.86
49.12
72.04
242.57
32.90
113.45
40.35
45.84
100.69
54.83
169.42
76.67
9.65
145.94
89.09
71.33
69.73
181.64
39.18
28.05
65.90
43.26
56.21
45.65
183.90
78.06
44.05
180.57
47.64
117.92
54.40
58.23
42.38
98.19
86.93
65.29
78.80
122.26
171.42
69.97
22.97
113.62
157.10
37.67
88.68
85.16
59.79
266.32
158.24
