80.82
19.50
66.63
26.53
53.59
36.78
22.88
9.00
7.52
34.29
32.69
14.73
14.18
58.38
4.29
38.73
14.79
8.02
76.84
58.63
13.36
35.85
38.54
35.91
35.07
17.78
35.15
70.87
55.07
36.67
47.57
46.17
29.49
37.58
106.72
31.57
137.54
39.91
28.92
105.79
120.53
55.21
93.34
45.26
84.09
68.43
41.71
80.47
48.68
62.94
23.08
74.49
3.28
97.73
27.23
15.78
35.05
66.86
41.91
6.28
15.37
60.21
53.17
13.05
40.61
18.49
41.71
18.01
84.79
33.94
64.81
97.78
78.13
5.78
37.14
47.96
80.25
104.01
91.98
127.73
75.49
32.60
175.39
30.09
18.94
37.73
104.00
92.41
41.82
23.26
17.77
81.08
84.19
61.28
61.62
37.73
46.96
4.23
40.63
33.91
46.09
15.38
52.91
118.78
52.21
34.11
85.35
94.85
18.62
45.14
13.86
28.74
28.19
77.96
110.26
31.69
12.04
40.17
10.88
52.88
33.44
32.10
46.64
55.77
43.66
69.32
76.05
33.11
31.55
60.05
25.03
17.37
31.07
34.34
44.85
19.44
102.54
24.50
17.26
169.61
45.97
30.66
21.41
77.91
27.96
90.86
77.19
105.48
18.96
139.88
96.64
36.75
117.50
100.25
81.20
65.87
72.63
29.35
19.83
32.57
47.95
45.95
47.42
18.00
33.53
108.94
55.94
26.74
23.94
105.67
59.90
18.63
48.54
29.10
41.88
51.93
40.62
53.79
13.21
70.62
6.67
40.31
75.13
42.37
20.98
25.10
35.99
64.51
35.22
53.93
48.39
55.47
26.27
4.70
31.64
130.91
26.49
170.25
102.54
13.69
70.36
66.05
128.31
34.62
33.54
29.53
45.81
8.83
58.74
6.53
97.72
59.69
30.27
45.12
32.20
5.44
28.35
62.73
23.20
47.96
91.97
21.06
49.36
74.13
39.27
15.70
34.30
52.01
37.24
218.00
17.69
21.62
44.70
7.65
21.39
54.77
50.19
114.30
91.88
64.85
60.69
43.27
32.35
42.96
4.57
14.02
86.54
67.44
32.48
42.48
81.00
27.73
64.59
59.24
40.51
21.83
21.66
22.96
37.01
77.59
48.37
96.44
12.16
8.78
47.79
40.79
36.23
16.26
50.21
17.71
59.75
26.57
31.96
48.79
3.78
15.83
27.77
15.24
17.73
18.48
6.37
111.61
20.98
12.28
11.80
23.42
157.24
25.09
35.57
20.19
44.16
35.13
27.21
23.68
30.25
44.57
60.70
19.94
30.31
59.72
68.59
33.81
10.56
67.11
25.68
74.04
27.05
40.32
31.52
15.12
37.28
42.15
33.03
56.98
21.07
51.45
8.97
22.95
121.61
46.88
33.74
27.56
13.90
34.36
18.71
45.69
106.56
29.39
24.72
31.39
6.14
9.92
50.18
46.95
52.40
9.43
53.92
48.73
15.51
15.99
23.81
52.44
47.78
25.07
29.03
78.79
32.11
47.95
2.08
13.08
40.11
55.37
89.50
18.04
8.59
11.94
28.23
17.98
34.54
65.91
23.96
24.83
55.63
65.67
43.58
16.33
38.91
37.45
14.07
54.21
29.28
57.74
39.42
16.79
37.62
4.96
52.83
22.13
26.64
19.46
89.96
33.20
81.35
42.59
31.02
29.50
30.44
27.53
27.48
42.94
50.05
18.56
55.49
41.40
40.52
83.22
41.54
20.99
