41.94
61.09
48.51
33.65
47.34
25.99
12.85
39.71
31.32
71.76
29.20
12.37
30.15
8.29
25.96
4.80
90.15
21.45
27.11
13.54
17.72
32.33
25.11
58.19
66.90
47.78
71.74
20.06
11.17
92.69
20.19
71.72
73.94
60.08
99.09
30.68
46.14
97.63
76.84
99.90
88.40
74.42
43.37
27.73
99.00
98.35
54.91
18.63
45.37
50.94
24.96
56.08
16.05
27.39
97.40
26.12
11.98
46.68
15.11
79.42
55.28
55.07
79.20
35.10
79.76
103.50
45.09
4.48
90.82
68.23
49.30
32.30
101.76
127.20
79.91
32.59
34.25
97.72
51.83
73.75
76.19
33.06
92.36
67.72
35.64
30.43
55.65
135.25
28.34
54.79
117.93
112.80
110.25
32.61
10.99
40.05
45.17
62.40
62.28
16.99
63.53
9.66
38.11
27.20
11.05
96.97
160.33
17.03
76.65
109.36
71.80
66.72
50.43
72.29
47.93
86.94
102.97
92.44
91.22
40.95
64.10
11.91
48.06
158.55
65.82
24.85
101.85
64.83
41.06
90.28
70.64
61.95
36.03
15.64
29.27
41.81
34.85
101.62
48.01
78.78
7.25
61.32
23.06
31.37
25.54
80.59
63.59
28.23
20.83
87.90
102.91
19.34
20.41
38.93
66.19
53.97
150.00
45.51
82.12
41.70
93.79
12.65
102.83
50.54
111.75
71.63
54.83
21.92
50.83
8.41
30.07
89.44
19.15
53.31
24.24
36.30
54.67
58.91
102.77
38.84
49.40
54.24
85.11
140.96
73.64
56.80
52.43
47.08
7.88
108.92
19.86
176.28
42.84
16.69
15.59
101.49
57.06
48.58
38.95
72.06
22.60
9.76
96.29
58.24
16.21
66.14
85.94
99.07
74.01
32.57
6.31
73.54
44.28
107.49
42.26
38.87
9.91
84.58
12.41
44.82
71.99
85.46
13.36
48.18
18.35
47.93
85.37
88.72
87.45
24.23
28.46
29.44
64.10
7.53
30.98
20.79
103.84
27.47
39.73
13.80
89.20
28.86
39.78
94.05
40.17
18.64
13.61
56.18
99.09
2.67
55.23
31.62
24.43
31.30
13.36
80.65
30.15
55.48
47.37
60.49
45.23
105.33
17.48
156.48
140.95
53.36
116.49
121.94
154.35
19.40
5.96
34.54
29.39
22.87
83.41
39.28
34.06
19.74
55.41
25.36
21.31
29.02
14.72
26.69
2.68
50.10
66.45
19.64
5.37
39.01
14.92
144.45
60.19
8.07
48.43
33.19
25.81
54.15
11.14
38.36
16.60
59.82
32.93
13.41
44.77
28.22
23.98
2.91
35.90
29.63
88.60
30.50
12.83
105.41
79.11
20.14
5.60
83.57
41.64
20.21
49.67
18.91
21.39
47.16
101.21
96.63
29.74
47.91
27.74
29.79
65.44
62.60
100.96
68.63
52.03
24.42
39.01
19.70
13.88
51.13
62.27
75.60
57.05
51.16
114.33
12.94
3.45
51.96
27.02
20.31
17.05
18.54
32.79
85.32
42.81
37.87
12.63
35.21
64.02
33.58
86.61
43.56
9.63
27.33
56.27
27.21
11.30
15.04
33.02
64.30
26.96
94.23
43.65
16.64
39.11
19.56
30.75
45.24
39.86
15.17
30.08
2.99
104.06
33.85
55.69
80.61
42.06
51.40
3.36
30.96
30.60
14.38
55.54
140.39
59.91
78.93
30.89
37.14
11.85
34.83
70.15
47.40
30.66
56.88
28.94
74.41
5.59
62.77
