168.00
67.98
206.38
56.31
196.05
126.67
32.58
87.93
141.24
40.54
89.33
148.05
40.00
81.99
76.14
409.66
486.51
159.70
322.81
181.61
29.26
117.03
87.76
71.68
226.63
272.52
338.02
30.17
383.74
219.47
291.45
94.12
250.52
196.52
98.72
60.14
28.97
136.16
63.26
237.22
96.27
47.76
106.33
221.70
271.41
496.33
155.55
257.55
30.65
121.50
122.58
332.40
67.51
556.31
70.15
296.96
187.94
415.28
93.81
228.30
111.00
155.87
616.08
277.13
124.62
193.20
704.36
241.37
64.93
78.94
138.62
60.69
66.72
110.00
87.99
32.11
216.25
103.26
35.29
680.84
241.78
208.07
25.99
377.89
90.89
184.40
229.68
123.22
66.47
152.93
443.77
215.68
130.59
85.29
373.44
25.86
312.76
174.79
129.04
284.92
327.21
251.89
103.49
231.43
87.68
116.45
424.81
164.98
143.13
88.91
170.46
61.36
54.29
99.61
165.83
242.35
80.75
33.43
137.84
152.47
119.93
256.26
261.40
123.98
112.75
19.70
162.95
71.84
189.55
138.89
319.74
381.12
137.31
9.31
131.45
297.12
455.77
9.54
285.35
58.80
98.69
102.43
309.74
342.82
76.71
120.14
35.32
184.45
107.61
111.59
304.10
234.78
28.19
125.74
56.43
78.21
45.54
59.02
30.74
109.64
129.95
165.78
132.73
59.01
277.78
132.99
42.59
86.74
195.76
82.47
194.53
138.20
130.58
12.78
198.12
104.12
275.20
62.59
23.43
71.11
213.48
85.85
36.07
21.97
150.63
71.25
20.77
158.61
171.89
111.32
335.96
102.08
142.72
318.93
89.81
9.53
127.59
128.39
96.07
39.78
90.51
257.14
84.15
123.40
134.28
185.13
290.22
48.98
59.19
206.19
127.13
35.61
60.41
175.23
47.87
200.13
164.75
52.48
51.85
88.54
126.73
59.65
21.84
22.45
118.65
139.31
139.87
150.33
100.54
20.34
220.24
247.65
288.62
204.96
162.05
440.66
53.40
60.48
229.21
10.57
78.19
59.26
204.32
165.16
192.30
57.32
128.45
111.01
765.22
81.87
166.75
219.28
160.46
128.66
251.09
136.61
186.69
123.17
181.41
112.82
295.91
49.08
196.55
163.68
68.66
29.79
148.17
3.58
42.03
528.77
122.44
98.52
61.81
42.34
235.49
105.42
72.76
95.06
133.36
47.81
82.82
164.59
82.09
143.69
206.92
269.58
147.83
56.26
190.12
116.73
190.67
80.82
23.04
62.04
175.94
98.47
209.77
294.94
110.23
50.30
214.36
134.00
123.21
90.27
65.79
73.24
54.14
93.61
289.65
125.90
104.13
215.69
109.02
42.43
41.78
135.70
359.09
12.54
158.01
157.20
45.99
18.48
211.56
114.53
323.45
70.10
167.56
120.88
404.58
23.05
221.23
226.90
77.52
170.96
148.72
128.38
62.69
453.75
148.93
277.52
89.65
105.84
37.34
101.99
80.17
162.18
13.42
132.77
9.94
51.30
74.39
121.69
153.19
52.96
145.32
72.99
45.73
140.90
48.64
366.36
264.38
89.03
59.92
68.24
188.67
79.17
20.79
24.67
70.29
82.26
294.99
230.31
245.57
136.23
68.05
39.52
171.65
189.13
87.57
192.76
38.87
126.80
123.04
9.23
