16.16
3.83
13.30
7.56
26.38
12.51
21.57
9.63
8.59
5.27
43.93
7.35
6.89
3.26
5.31
2.29
23.79
21.79
12.93
32.11
40.34
10.24
30.34
7.74
23.50
17.89
10.24
8.61
23.14
33.39
11.80
8.37
11.62
30.43
27.66
4.95
34.65
31.83
64.09
12.85
30.25
64.42
65.04
60.48
19.41
41.95
21.32
39.41
21.10
69.56
35.44
68.10
79.37
30.38
64.86
30.60
14.64
29.08
19.56
28.36
34.28
23.48
12.81
31.66
13.39
60.92
101.36
34.13
18.99
29.68
15.43
31.16
8.21
39.75
40.32
11.13
9.38
28.14
31.69
45.99
19.39
6.49
40.61
45.88
21.04
12.80
48.37
69.55
44.35
18.12
107.23
22.64
59.52
37.63
34.57
51.25
20.47
11.62
27.08
17.48
49.08
42.60
16.55
85.42
21.54
52.92
12.46
12.45
41.15
15.44
23.44
37.10
12.90
9.58
89.52
57.78
36.70
26.90
62.72
15.20
27.95
14.01
39.31
33.89
66.61
32.23
19.46
5.69
58.23
6.52
20.24
7.09
38.82
54.03
37.52
56.15
6.30
18.79
4.81
29.44
40.33
7.08
30.18
11.03
45.15
14.39
56.77
29.38
17.18
61.71
9.58
57.90
22.07
13.71
19.53
18.71
38.89
15.90
10.22
45.90
20.67
33.35
33.60
4.20
53.42
25.21
18.20
66.27
19.55
44.60
18.30
19.32
28.05
58.13
10.74
8.15
20.55
39.25
19.11
10.52
11.13
52.04
4.21
99.93
7.14
44.25
11.35
11.43
26.13
24.60
53.15
3.22
34.58
21.94
9.35
28.45
50.98
25.91
19.74
48.00
19.10
40.35
31.56
11.33
24.23
52.60
45.13
59.90
32.91
37.55
33.26
15.78
33.48
50.17
30.64
31.93
44.79
29.42
34.28
35.79
15.23
15.02
4.70
8.86
44.17
4.93
30.52
40.42
17.90
28.10
27.38
18.89
24.12
18.10
78.89
1.42
17.27
70.98
7.68
11.43
23.22
21.57
10.19
124.58
29.96
33.87
18.04
46.35
114.37
34.58
17.84
8.88
7.28
11.25
76.16
39.63
26.03
55.65
59.64
28.00
40.38
27.15
20.53
70.72
30.11
16.54
15.15
13.54
16.90
8.73
30.18
19.51
28.81
11.12
22.11
20.39
30.42
19.02
12.67
17.02
35.49
12.45
24.38
34.05
13.36
9.95
22.14
3.83
7.80
6.68
12.78
15.47
23.74
15.95
25.49
13.47
18.14
19.00
18.98
41.70
7.73
22.25
53.98
25.72
6.73
44.74
19.48
35.18
51.81
54.76
16.90
17.17
29.06
27.52
37.68
32.37
36.25
15.32
32.22
8.73
60.70
8.55
3.11
7.12
13.63
23.90
25.58
53.59
39.59
5.29
2.13
6.58
8.70
23.92
8.57
8.83
14.79
10.18
96.27
26.50
12.76
22.33
12.99
9.52
9.03
26.77
18.96
50.97
17.11
16.83
26.78
6.40
17.88
25.53
43.02
9.41
13.56
5.58
17.16
31.92
15.18
12.73
15.87
53.71
13.04
27.55
33.59
26.06
10.91
3.82
8.62
5.48
18.90
33.01
7.09
18.76
9.99
23.62
5.39
57.47
11.44
52.66
8.14
5.50
26.42
11.70
3.34
53.36
13.42
25.46
11.99
28.84
29.13
39.52
32.58
10.39
3.35
14.40
