82.56
119.97
46.66
174.58
113.31
371.76
110.51
36.76
147.04
404.99
20.38
201.22
344.28
37.20
199.37
383.60
45.82
24.19
210.66
277.23
303.96
154.99
242.19
70.29
532.91
163.45
382.03
140.80
967.23
191.15
476.71
753.80
170.45
161.00
364.50
359.54
252.37
374.21
289.66
476.03
166.38
736.37
568.31
79.18
129.59
347.25
633.46
432.05
722.44
459.77
416.38
403.21
162.59
145.09
556.40
183.00
281.67
223.78
109.76
324.40
68.61
187.99
220.42
261.15
592.69
92.21
12.24
91.42
498.10
614.29
176.76
46.62
472.92
294.11
97.38
376.08
86.53
84.94
301.45
478.61
539.73
387.38
165.34
242.60
80.32
16.02
102.85
251.36
218.18
297.87
235.26
781.63
202.92
569.22
325.48
513.14
289.69
44.47
67.22
315.92
233.48
434.77
356.39
433.21
354.61
375.80
312.34
283.01
145.38
90.36
295.67
1105.61
107.58
143.06
1036.68
137.89
190.06
298.93
305.74
166.29
415.00
257.87
227.92
305.58
61.68
356.38
216.83
869.65
111.95
133.60
21.21
227.46
55.86
124.66
735.38
103.07
93.96
82.91
282.41
172.44
176.30
392.30
121.91
400.51
122.72
186.41
731.56
79.83
345.70
319.06
933.05
262.19
163.52
246.96
190.10
598.99
611.02
29.41
311.73
567.18
89.96
189.13
186.14
339.68
114.47
205.69
528.25
131.12
167.73
166.98
232.59
108.87
107.40
451.96
772.39
114.26
379.88
234.64
294.02
230.65
247.48
391.90
206.83
28.25
147.52
373.52
41.31
188.13
191.02
290.28
484.77
436.08
226.90
120.29
163.38
216.34
346.26
405.46
182.10
520.89
509.86
157.43
605.64
1216.35
408.35
171.32
440.41
911.43
83.29
254.12
134.03
244.43
119.03
396.40
239.37
99.56
38.25
123.33
201.34
180.51
134.18
481.28
481.08
199.54
158.97
517.42
56.47
265.60
694.37
97.69
240.63
361.81
622.75
135.31
113.49
342.18
40.98
124.71
312.18
72.10
325.36
22.27
142.01
313.68
77.60
110.74
188.19
50.42
276.24
202.42
469.60
342.21
36.73
296.14
326.48
99.07
32.75
93.80
271.13
401.86
362.37
80.65
102.06
271.93
247.35
35.12
387.45
62.85
350.44
259.15
75.11
547.32
98.26
271.07
98.25
156.11
328.58
231.28
181.96
415.98
282.12
235.12
85.50
542.59
244.80
232.82
275.51
68.79
28.74
59.86
87.90
137.89
132.14
147.18
210.63
98.87
196.15
109.14
130.82
188.06
207.56
313.62
162.95
377.30
23.82
120.25
156.11
157.05
251.69
172.59
55.05
505.92
175.31
5.16
270.74
263.24
126.19
127.79
159.98
128.49
124.25
213.62
413.09
285.60
314.76
497.64
166.72
591.45
172.89
409.91
314.27
115.23
270.41
74.58
205.17
146.63
116.47
132.69
255.91
66.30
94.10
202.09
249.06
342.09
243.86
58.28
175.79
170.54
200.44
261.02
322.04
287.83
72.86
194.40
123.17
431.86
313.70
22.08
277.25
109.53
248.99
151.57
224.39
83.61
74.74
26.65
64.31
287.47
186.59
712.40
125.99
78.37
102.25
70.02
265.13
261.60
405.34
348.11
286.98
131.34
257.69
204.95
268.18
42.56
