61.09
153.02
108.07
108.34
151.64
94.21
263.20
124.63
31.32
87.58
161.30
65.49
81.78
146.22
136.08
20.67
355.48
61.62
55.16
215.87
112.84
291.67
455.62
43.02
164.65
154.24
89.95
86.09
38.36
108.29
203.90
199.97
98.58
156.19
382.75
184.77
154.19
237.12
501.71
176.02
108.50
366.31
186.93
373.34
106.39
58.30
189.52
252.96
711.87
64.51
280.80
96.40
163.02
336.13
147.02
396.13
399.07
154.11
93.64
95.84
145.41
312.75
40.19
361.47
100.19
431.28
64.53
112.37
233.39
400.85
250.42
64.12
181.85
267.83
341.73
172.40
151.77
117.75
188.60
216.47
206.95
176.84
79.11
77.02
258.10
769.64
61.06
258.55
272.26
162.84
99.05
177.55
120.02
167.82
195.47
223.06
283.04
303.88
136.77
134.92
96.35
124.86
12.37
52.53
647.72
200.76
120.94
375.74
46.97
135.57
89.02
215.61
181.47
124.63
15.24
193.87
100.19
90.42
45.31
263.07
50.77
108.34
91.79
46.82
452.32
293.53
258.11
186.23
168.20
154.18
249.58
70.43
95.45
282.20
23.48
178.42
571.50
522.69
125.61
227.75
231.57
273.18
703.03
75.97
357.95
148.49
111.33
95.43
86.53
210.60
1.25
56.01
57.84
74.43
178.83
31.49
130.88
172.93
122.98
58.33
74.14
400.76
21.47
180.48
137.26
96.47
240.53
75.72
387.30
380.48
43.26
56.31
51.78
103.52
26.71
45.46
139.63
110.51
376.02
426.82
557.13
84.31
155.78
90.35
82.29
405.19
181.52
53.22
392.67
129.91
263.10
101.39
88.12
331.11
65.75
105.22
79.90
343.68
59.11
149.61
61.09
177.35
181.34
129.85
119.66
94.98
83.79
12.10
187.42
384.68
253.79
486.78
241.13
216.33
187.45
101.87
45.81
117.51
128.09
181.49
134.15
145.65
353.26
60.84
111.31
155.57
251.51
244.44
125.39
31.69
97.72
138.12
221.89
176.78
76.18
195.48
73.24
117.07
90.36
82.47
106.65
411.37
235.60
101.45
123.22
176.18
302.95
121.39
87.36
190.50
56.72
235.98
22.95
66.61
280.19
30.17
122.21
72.99
218.88
83.31
112.87
15.47
225.99
255.10
182.33
213.34
238.41
242.67
19.46
115.90
121.73
68.02
47.70
209.72
7.96
303.30
11.72
260.86
58.11
37.04
34.05
105.01
143.75
66.65
214.74
95.02
84.94
49.37
86.57
226.74
112.97
93.34
83.00
58.86
133.30
66.80
151.48
154.82
112.98
79.88
123.14
110.33
12.52
209.87
207.98
88.55
273.30
48.04
26.68
88.07
55.55
313.98
58.19
238.72
87.22
53.84
43.33
74.47
191.95
153.21
133.51
47.63
38.13
131.23
85.02
197.61
159.70
78.60
151.29
48.50
257.77
88.75
30.41
49.31
162.88
143.46
133.39
134.36
27.07
85.15
79.73
347.51
136.40
36.23
61.08
26.29
47.31
214.74
38.29
44.15
105.62
53.47
37.02
19.71
34.50
91.95
118.44
38.16
71.90
32.04
196.53
96.84
65.19
43.93
332.04
214.82
21.43
60.56
72.06
142.09
38.22
269.80
162.12
258.47
35.72
45.58
131.23
78.03
154.29
123.76
49.15
90.06
3.76
103.26
