12.50
239.51
24.78
93.44
314.55
283.28
35.88
84.43
283.05
133.07
84.74
88.55
50.63
134.18
152.20
68.47
458.23
246.76
124.38
123.29
246.18
186.71
79.96
66.30
176.70
136.37
319.49
478.48
85.59
189.90
90.85
242.58
173.88
478.92
370.49
43.59
514.27
67.64
396.66
69.77
360.92
121.03
360.07
479.22
34.93
160.50
319.26
147.79
398.16
111.63
57.77
252.22
401.78
85.77
327.78
289.26
119.14
196.65
54.21
132.08
5.55
325.58
142.83
240.64
136.20
130.87
171.97
141.86
27.79
130.03
342.33
140.92
159.48
374.87
168.13
357.88
21.26
555.06
86.73
61.09
267.42
578.66
828.78
261.42
2.75
91.58
526.18
101.22
77.64
130.87
139.89
332.50
444.36
127.97
222.38
46.99
94.10
472.02
107.90
240.78
445.76
400.31
552.65
333.94
295.43
518.50
91.55
232.12
260.22
448.03
197.42
70.35
120.73
55.27
160.00
43.81
632.45
70.94
396.40
64.63
63.98
277.98
343.40
193.91
479.13
396.77
139.06
328.60
97.29
324.65
301.15
180.85
288.86
234.68
189.56
383.88
416.39
171.63
114.42
534.19
400.52
554.46
357.25
301.45
193.14
76.30
152.91
331.99
799.86
132.28
366.50
384.36
586.54
145.05
65.41
140.22
366.65
222.49
339.18
72.02
68.96
189.66
195.03
134.75
204.50
554.80
17.37
344.27
167.67
631.71
222.19
129.84
146.90
160.84
538.61
221.92
452.35
395.41
150.44
190.26
274.70
289.70
139.98
601.92
184.35
172.78
275.42
123.24
19.43
189.08
41.54
40.15
71.59
89.03
228.33
90.11
43.92
277.59
128.97
177.32
256.00
96.64
470.18
655.41
385.28
210.70
87.85
305.80
75.62
356.63
126.57
361.31
173.62
677.32
129.50
103.66
444.80
182.91
281.86
284.26
107.38
416.97
201.55
140.48
46.48
193.12
375.40
270.30
35.65
36.73
279.23
107.63
174.79
164.69
393.43
74.10
71.58
179.51
245.99
395.21
92.49
241.13
1034.08
244.45
127.05
225.23
70.86
70.56
400.31
154.13
282.95
226.67
280.46
75.86
535.61
42.80
116.38
258.08
199.64
290.13
256.04
125.15
89.85
94.02
229.98
122.76
55.96
294.06
115.71
293.02
246.49
143.27
106.43
220.29
246.56
74.60
29.39
135.99
76.12
288.83
312.14
142.98
73.26
159.97
178.31
160.17
22.46
36.89
50.20
72.98
92.73
43.82
217.99
107.08
253.75
319.90
314.84
202.44
159.81
90.99
333.21
108.49
125.72
141.06
63.18
33.31
89.19
43.29
84.41
75.94
197.31
106.25
180.58
273.61
51.58
180.21
90.05
116.25
158.15
232.65
44.83
106.38
271.31
302.20
140.03
451.43
115.79
138.09
251.48
151.39
118.89
377.24
153.60
126.30
12.45
140.63
161.57
100.33
173.01
130.52
73.24
67.18
175.29
321.45
293.93
363.36
393.05
318.15
161.45
87.38
51.33
131.11
377.73
24.44
303.74
76.41
512.12
183.87
188.50
249.69
83.77
147.39
157.18
178.40
103.51
175.10
236.51
277.36
57.39
204.53
108.12
526.05
226.02
104.83
59.52
206.68
70.20
41.21
395.65
37.90
86.03
142.34
80.10
62.86
