189.63
76.22
4.53
93.35
63.29
91.06
110.08
82.40
324.65
47.54
6.52
71.09
136.72
75.09
61.66
49.47
150.41
301.00
57.86
50.42
14.25
22.65
5.63
121.80
78.15
103.39
110.70
87.16
21.90
367.68
79.31
116.04
297.43
229.03
200.49
124.36
59.22
273.36
85.37
229.47
174.25
176.10
167.41
119.12
178.36
77.18
92.15
25.55
182.22
324.99
260.39
72.97
211.52
148.89
447.51
78.70
154.07
170.64
212.25
110.03
360.39
119.39
152.73
160.98
166.86
365.14
76.05
313.61
304.73
187.86
144.53
260.28
157.86
122.68
140.16
77.12
352.80
90.04
177.59
189.73
262.77
397.15
198.18
78.13
339.49
144.05
377.82
343.74
582.62
186.79
88.36
97.34
303.36
68.92
376.18
216.76
79.39
52.76
292.81
50.11
229.38
331.73
60.26
89.83
165.80
66.81
305.30
163.88
27.28
338.89
248.21
85.56
127.62
99.21
119.26
237.06
92.04
123.51
147.02
68.88
227.65
49.66
284.51
42.81
65.11
107.25
210.50
156.63
13.80
78.42
104.72
69.87
92.61
198.17
52.25
267.02
343.41
99.57
92.78
223.36
388.99
85.60
111.44
197.28
154.55
215.58
397.22
489.98
562.93
34.56
166.44
38.92
127.20
233.64
226.75
84.54
91.06
189.29
118.78
178.00
83.23
227.44
15.47
405.03
87.62
51.26
74.37
76.70
187.01
78.63
176.58
294.17
58.36
161.84
309.02
214.86
181.45
215.33
53.02
447.36
152.27
121.63
109.89
99.32
97.49
29.66
85.10
70.87
188.17
177.90
49.34
75.91
52.36
53.97
18.68
73.72
179.67
38.31
90.13
112.49
41.73
295.49
132.48
129.78
104.15
168.15
252.98
271.68
53.13
133.03
204.00
116.72
253.82
304.36
13.17
264.48
179.55
93.64
140.62
176.23
48.19
105.44
632.13
23.27
57.46
167.99
141.95
202.22
218.76
184.75
44.56
187.57
115.18
171.05
150.15
179.94
149.77
10.48
294.49
244.54
309.50
92.44
129.94
197.24
76.72
139.36
206.24
149.34
111.53
48.88
23.18
194.42
59.76
76.92
22.13
42.39
22.94
124.68
85.32
431.25
133.89
235.01
89.85
280.81
91.04
27.44
107.63
77.16
45.82
197.92
65.86
54.05
130.12
111.66
195.57
62.37
261.42
114.59
184.50
45.97
17.64
93.46
81.66
23.10
66.11
12.24
84.33
49.88
42.47
115.94
93.98
107.69
77.01
132.45
188.60
92.22
45.81
45.85
77.56
115.78
65.36
66.27
60.60
77.93
205.72
75.88
33.64
181.56
295.34
186.42
79.13
225.33
76.43
60.25
110.72
169.14
180.03
114.43
91.89
95.45
327.24
119.00
43.03
23.24
290.80
49.91
142.50
96.71
23.26
202.96
17.93
23.21
50.81
119.14
38.42
176.19
67.43
77.06
79.88
36.24
11.41
114.96
136.38
169.08
92.46
36.15
77.70
98.16
47.90
89.85
41.85
43.75
125.66
129.98
159.09
60.09
52.82
26.29
70.28
62.58
144.63
253.25
113.72
20.42
23.66
26.33
25.97
60.84
92.66
227.69
20.43
138.83
64.85
52.63
197.21
172.55
128.12
80.01
23.44
135.52
191.43
54.85
190.23
312.91
87.02
230.38
54.98
44.30
30.47
140.65
64.92
163.47
67.96
44.94
