61.75
136.22
30.13
216.05
44.78
92.19
47.76
68.91
47.93
103.85
44.18
289.29
12.35
58.72
128.81
11.66
59.75
46.26
69.04
77.46
30.29
198.23
44.45
131.62
145.09
88.76
74.14
41.75
104.74
146.11
209.33
195.56
9.69
118.34
107.92
185.22
181.55
84.72
199.43
132.16
109.94
111.33
50.80
254.47
353.47
101.41
286.01
137.95
118.39
170.09
215.49
11.69
268.31
47.89
112.32
28.94
45.31
36.87
83.81
181.07
167.17
116.89
46.13
14.55
142.68
75.01
123.00
50.14
188.03
68.07
56.70
92.18
120.26
143.38
169.18
164.69
80.49
162.72
13.18
105.25
101.54
211.69
262.90
151.85
112.28
72.84
103.61
74.71
112.64
224.93
119.32
81.83
66.02
105.42
89.17
34.60
171.18
71.02
32.66
42.53
17.16
169.91
18.99
76.17
247.56
204.64
67.15
84.75
141.65
47.36
260.95
124.24
181.00
71.50
45.16
164.51
183.52
104.27
246.10
54.30
85.25
193.55
84.30
38.47
94.43
167.40
120.19
43.69
68.57
128.03
77.83
66.16
44.66
258.80
56.27
136.68
231.71
141.59
181.21
235.04
108.03
190.36
68.69
66.57
97.89
129.47
36.04
12.43
65.87
90.34
168.10
224.72
119.44
85.77
190.15
227.24
200.95
23.38
54.07
98.06
173.93
100.19
117.95
128.81
85.89
147.09
180.43
66.27
23.38
52.70
7.88
78.12
87.45
43.90
119.10
77.48
19.10
128.49
76.52
74.82
5.04
179.96
117.46
96.98
151.74
18.58
130.92
138.87
172.55
185.37
35.85
119.57
143.47
118.28
75.94
22.63
52.20
522.76
40.27
91.74
226.31
15.53
246.49
8.50
154.74
49.05
37.51
191.93
235.06
12.83
86.33
112.30
27.62
164.37
107.45
142.47
113.47
34.25
134.34
36.02
99.72
15.69
141.84
21.21
35.54
33.68
113.07
167.72
344.30
115.66
203.09
72.25
62.17
16.42
280.02
77.90
103.52
44.05
85.49
240.40
59.71
101.30
55.07
95.27
93.16
83.12
35.57
117.46
231.84
102.27
256.11
115.18
45.77
96.67
55.99
210.25
36.64
22.18
214.46
13.13
96.89
88.17
95.97
115.03
113.07
65.01
34.12
12.55
135.14
50.06
30.10
13.33
9.11
44.41
179.36
11.79
41.76
47.16
237.33
168.34
150.83
121.87
62.85
140.47
61.03
77.60
96.23
38.30
105.09
17.15
160.81
116.41
61.24
132.76
59.77
175.45
90.35
40.51
0.38
33.07
47.12
94.47
140.70
31.16
101.01
165.13
102.65
200.22
36.24
43.58
111.43
179.12
37.33
73.30
44.79
128.26
101.54
69.66
37.30
137.59
43.20
149.90
280.77
36.86
40.67
184.85
29.83
86.12
73.35
74.27
122.88
20.14
43.53
136.60
56.47
87.86
168.04
66.88
103.50
48.58
49.82
10.54
67.77
152.36
135.95
35.32
122.01
70.90
51.16
28.97
22.38
52.81
55.26
134.45
73.03
40.99
13.45
135.98
101.00
70.03
116.87
69.95
62.07
78.70
127.85
61.65
51.49
149.30
76.53
82.94
93.11
171.96
114.94
33.42
55.86
65.64
40.69
106.92
11.22
87.42
75.57
54.68
147.36
124.18
120.04
14.18
143.40
135.06
