171.68
42.51
262.52
411.59
19.50
61.57
205.14
99.18
35.96
42.04
98.66
53.31
103.15
231.56
413.88
392.42
94.66
226.00
65.18
65.45
203.58
98.51
91.99
108.19
52.04
98.72
25.33
86.99
229.49
71.17
175.94
216.16
62.02
29.01
91.43
106.95
175.31
4.97
159.88
9.32
98.27
51.35
88.07
247.62
173.33
184.30
196.38
257.55
323.64
172.28
305.01
167.50
237.82
113.33
11.76
12.31
156.85
294.80
243.87
89.86
55.24
159.93
163.80
520.60
98.89
104.46
563.78
434.32
216.43
19.10
188.57
900.63
449.78
132.49
274.78
182.75
392.54
166.08
257.40
109.18
226.21
72.03
177.98
164.15
253.01
143.08
228.89
260.77
235.42
599.47
209.94
165.51
532.07
163.16
415.46
39.81
164.29
81.20
346.04
145.09
232.58
339.57
156.29
145.40
81.89
319.38
70.39
119.29
148.62
95.24
278.51
139.73
249.07
66.28
136.64
584.60
242.17
250.78
67.22
105.44
450.19
126.13
98.28
523.90
42.29
266.30
251.22
196.38
156.75
30.14
72.34
112.61
233.89
512.25
437.78
121.64
242.32
90.13
304.07
278.09
308.74
585.97
306.07
101.32
173.80
74.18
11.79
238.06
71.32
105.89
75.20
159.31
280.41
51.25
68.96
180.14
249.18
178.06
151.74
39.38
112.57
78.09
231.81
131.23
26.40
38.59
155.10
39.44
306.83
167.63
186.31
149.00
225.28
114.44
130.81
160.88
216.26
130.82
77.06
8.89
149.94
283.62
86.69
43.11
262.03
142.47
40.46
85.84
169.54
176.53
180.79
47.25
72.97
25.97
145.73
33.96
155.60
179.77
231.38
77.79
24.55
238.22
169.29
44.28
182.28
259.62
163.18
190.58
68.96
70.00
217.28
110.12
128.33
18.58
494.05
188.47
190.46
548.97
405.42
218.85
582.17
102.70
277.42
140.12
77.67
212.41
259.21
169.52
152.20
192.07
734.94
367.98
446.35
35.31
116.34
22.64
131.25
130.45
494.96
112.93
85.50
71.99
120.53
204.85
52.01
73.61
53.80
192.91
314.52
81.23
31.68
225.14
159.30
195.53
34.93
122.12
170.81
25.70
88.72
1400.46
102.69
114.84
220.63
272.63
58.69
108.52
255.60
483.67
70.62
146.45
112.16
24.43
176.94
81.42
188.94
90.46
72.43
285.31
20.98
21.21
284.44
118.16
107.58
36.99
30.14
243.17
132.97
64.79
74.07
215.98
76.60
71.52
236.37
126.84
272.99
445.89
73.77
215.33
215.08
127.42
102.17
63.16
279.03
130.34
36.27
342.38
158.52
79.77
86.03
72.70
46.90
61.89
131.12
256.46
107.12
26.54
147.22
83.86
137.90
258.33
155.67
77.88
72.44
225.15
95.97
376.20
325.15
102.53
31.46
425.44
212.37
150.19
72.04
176.88
290.35
129.88
7.02
109.94
290.30
49.66
217.36
94.40
4.89
74.11
172.16
112.87
604.05
54.82
426.51
242.20
233.16
74.22
119.86
17.55
246.91
88.90
161.83
224.33
21.52
78.47
255.82
25.28
133.35
159.44
150.61
148.88
314.55
250.91
9.67
135.93
151.06
67.31
304.96
190.10
103.86
255.69
121.75
36.88
101.72
47.14
56.09
71.18
177.34
170.12
