53.04
10.76
49.80
13.47
78.65
72.10
157.04
36.76
34.75
24.59
199.74
86.94
27.79
42.14
58.28
101.08
80.94
78.56
73.22
64.32
38.67
18.68
92.05
201.68
83.98
44.35
245.17
391.15
191.83
67.27
212.32
65.37
318.21
107.08
105.20
54.75
82.33
132.05
72.86
137.77
51.50
156.26
106.45
62.25
88.28
72.16
159.43
45.69
47.08
175.21
24.87
107.15
276.50
73.12
29.85
181.41
65.38
185.90
192.87
231.09
241.97
186.59
96.99
37.29
55.10
77.25
171.05
132.35
113.51
197.89
181.12
69.61
120.05
89.06
5.96
90.24
29.12
115.46
39.11
109.82
127.51
97.29
122.03
220.68
27.63
216.40
76.65
256.69
122.12
119.07
29.22
33.44
101.87
364.47
100.36
238.50
39.08
155.44
64.09
106.33
118.01
26.37
167.28
86.44
202.70
85.52
35.51
171.80
69.94
45.43
125.59
49.69
65.53
133.25
176.36
29.56
174.39
43.33
100.92
113.10
89.97
73.98
53.73
71.92
69.03
37.58
120.95
69.82
242.66
116.89
104.91
152.74
54.71
190.83
155.79
78.08
11.70
226.48
48.71
55.85
128.50
93.66
230.76
71.02
73.69
67.08
226.09
39.97
7.26
134.28
243.83
42.66
193.55
75.65
127.75
193.26
76.68
35.88
91.21
45.71
156.08
92.52
169.64
39.69
162.91
85.19
72.91
61.60
111.16
154.22
55.86
183.80
208.79
9.49
21.98
67.36
95.33
101.86
118.27
59.56
40.78
100.06
44.08
146.68
16.01
62.16
139.24
67.25
48.30
22.10
143.58
90.66
127.10
131.65
143.13
114.51
72.90
65.81
42.23
44.55
37.48
130.46
99.99
44.24
129.59
173.17
297.02
238.53
78.72
176.00
166.99
160.47
60.89
80.67
61.20
53.54
152.17
13.42
218.25
97.77
16.18
124.39
125.03
72.06
224.03
110.19
63.89
33.87
109.75
68.84
31.99
1.70
91.40
28.73
12.32
104.77
111.27
118.48
100.79
58.63
140.49
248.72
51.96
27.90
371.42
116.40
244.59
80.33
29.51
46.68
69.68
86.54
36.14
10.86
43.26
88.94
10.33
141.88
170.94
148.08
52.04
18.46
124.11
58.24
97.11
63.78
179.26
103.16
69.67
150.25
59.99
18.22
111.16
54.86
40.12
124.69
17.02
48.73
144.45
58.68
101.37
119.81
39.94
56.46
79.34
44.56
23.54
83.76
57.38
51.05
108.92
82.32
17.00
62.94
137.44
99.17
51.06
129.29
66.53
13.33
9.67
64.14
81.94
67.02
151.73
27.98
67.82
33.69
35.79
51.39
23.88
51.90
13.92
51.53
80.92
34.80
88.61
47.40
48.61
43.02
29.92
20.40
11.28
46.95
53.80
9.20
37.20
15.45
60.69
56.06
57.69
14.05
318.14
122.32
51.16
14.31
8.83
53.47
5.77
240.86
43.51
97.93
9.60
38.72
209.40
80.10
39.75
79.66
56.62
42.81
57.90
64.33
113.82
49.14
15.01
77.78
65.15
16.37
151.05
68.96
50.92
15.06
6.32
38.52
52.81
20.47
19.44
79.86
25.28
5.37
80.35
8.91
6.11
79.78
23.19
73.30
71.52
27.45
147.78
182.80
6.14
14.82
24.16
87.83
25.48
25.75
18.88
35.41
