20.48
10.69
8.64
24.80
21.67
18.13
16.91
45.10
8.13
5.37
7.92
6.80
5.63
38.85
6.20
4.54
68.36
4.14
2.90
26.98
10.61
8.33
8.94
13.40
18.30
26.32
24.12
4.52
14.10
64.29
52.37
14.90
11.05
6.84
19.90
28.31
18.39
17.47
10.91
27.19
6.29
17.65
3.03
10.15
8.65
16.80
2.93
9.71
9.29
6.18
2.76
4.99
9.41
12.88
70.25
15.92
40.07
16.87
27.14
17.99
32.85
24.88
15.13
5.64
6.07
18.06
32.22
15.02
3.24
20.27
5.78
62.33
16.23
26.64
22.65
9.80
6.13
9.14
27.97
59.20
22.15
12.76
3.91
28.90
10.59
48.29
11.00
33.45
24.61
14.66
13.75
60.36
32.27
24.53
43.42
32.25
20.52
97.37
4.16
46.06
49.13
29.72
18.49
20.22
34.74
27.24
21.90
20.60
19.00
11.45
48.41
78.51
12.05
71.23
33.20
63.78
8.21
25.62
35.09
13.23
44.09
31.87
26.26
19.08
4.67
6.01
24.15
6.16
26.19
10.99
7.87
36.46
14.75
34.58
68.02
7.44
10.88
33.38
35.13
33.42
18.35
18.18
27.85
8.09
34.37
40.86
16.49
26.38
45.85
36.22
31.96
22.37
32.28
3.00
18.07
22.85
44.88
27.86
14.47
19.51
21.86
35.00
14.57
24.42
35.41
34.92
50.22
25.06
21.14
25.76
43.32
76.21
15.68
18.80
34.13
16.72
20.66
36.97
24.92
19.84
11.65
54.24
6.65
6.88
22.92
55.18
32.79
38.93
24.28
39.61
4.76
31.76
19.65
20.56
22.35
46.53
24.87
10.98
17.16
20.30
40.01
28.24
12.88
97.83
40.61
22.61
15.74
6.28
20.76
30.18
24.53
40.79
9.55
43.79
11.57
21.93
21.08
41.37
25.33
2.28
53.10
48.31
44.15
122.79
14.06
76.28
20.48
18.24
19.40
19.87
14.64
26.39
44.95
7.87
4.54
11.96
71.90
29.69
36.85
9.28
8.69
30.18
31.54
28.24
2.62
18.37
34.28
8.38
11.34
33.08
9.42
31.38
16.69
19.64
21.57
43.70
19.82
36.28
24.64
30.36
71.43
6.22
12.78
12.19
15.04
19.34
11.75
29.09
31.39
38.22
17.14
54.74
6.36
9.39
17.66
28.77
25.85
44.73
29.25
8.96
35.64
8.19
21.44
34.78
11.41
17.67
29.70
8.97
16.78
11.23
5.66
10.10
15.27
21.98
36.59
36.33
35.72
61.09
25.12
21.05
13.53
31.53
56.27
21.88
63.25
14.90
11.51
15.18
18.89
24.40
12.18
20.44
20.71
13.06
36.93
27.12
23.74
11.34
30.55
4.08
20.53
8.07
32.49
3.51
37.90
25.09
4.71
4.67
13.13
4.10
9.92
4.38
14.23
25.96
19.74
46.61
58.64
32.22
29.12
6.89
21.17
29.49
25.22
17.15
4.95
13.37
56.58
14.28
19.13
15.03
27.93
2.87
31.58
31.79
2.59
13.71
55.36
15.65
1.06
41.48
1.81
4.91
10.06
3.41
1.71
36.81
13.36
46.07
28.78
8.83
16.62
42.00
16.76
42.26
5.34
11.96
19.64
24.94
4.36
23.77
8.25
8.06
15.03
29.32
7.19
3.27
9.47
42.60
9.80
21.31
5.92
21.40
16.66
26.44
22.11
2.04
25.89
48.24
35.21
70.79
6.67
17.50
10.15
17.02
5.20
21.67
6.13
26.34
13.00
42.55
22.22
24.27
49.25
23.11
38.62
15.16
27.34
19.50
23.08
8.13
14.63
25.57
32.60
5.84
32.48
53.29
15.16
14.45
32.33
2.08
13.84
17.74
13.36
3.52
27.94
8.74
18.32
24.43
48.63
32.05
26.00
38.79
53.71
8.34
11.90
24.40
15.55
38.35
