674.23
57.53
221.17
61.69
111.35
153.33
63.21
262.83
135.73
180.09
142.96
226.81
244.98
141.62
215.41
227.76
84.87
90.55
122.12
82.58
52.56
47.68
116.58
347.10
254.59
349.08
411.64
610.16
313.62
410.12
605.38
596.51
344.53
180.04
307.77
170.22
211.21
371.20
251.04
253.18
115.34
83.38
139.13
67.34
349.25
132.66
492.25
301.68
585.70
78.08
653.39
399.60
154.50
465.14
344.68
247.58
133.87
642.37
53.16
220.54
247.35
807.34
108.76
729.86
366.47
377.32
160.79
34.58
557.14
61.62
472.15
43.69
761.28
383.84
81.17
276.71
135.98
902.27
245.33
519.49
1321.32
244.47
187.52
356.04
227.86
363.39
510.82
316.49
491.89
840.92
235.96
64.62
803.49
503.97
208.18
591.89
487.32
343.30
57.55
182.27
212.67
380.05
377.68
1057.86
102.98
93.15
360.80
178.65
178.86
310.03
405.45
73.00
698.89
465.95
487.20
116.85
346.48
156.25
451.74
657.66
117.41
130.06
128.01
608.29
437.34
703.92
157.34
34.66
366.09
120.78
62.95
323.45
408.82
76.72
1095.16
467.71
190.64
162.70
386.63
81.06
276.45
49.57
378.82
540.42
390.68
433.07
102.10
411.09
322.02
740.63
230.09
251.27
147.40
177.61
82.64
94.49
280.90
488.82
338.69
56.70
195.05
184.58
176.94
471.58
236.06
229.86
256.25
186.69
499.16
227.96
237.44
176.17
427.71
460.79
247.69
72.53
128.77
135.39
118.78
467.89
801.96
44.60
187.52
379.55
379.03
182.81
125.81
313.99
843.99
264.07
742.83
230.76
242.32
530.94
87.10
508.11
377.36
68.56
86.27
165.03
163.25
593.62
156.53
113.57
345.97
242.98
86.69
479.44
738.91
153.77
325.46
348.43
537.30
454.93
135.17
450.94
334.48
552.25
809.15
190.17
73.50
54.67
136.88
94.63
667.41
493.38
34.11
155.66
87.33
300.33
241.60
103.41
277.41
396.26
304.34
25.11
1516.74
368.27
302.35
49.82
36.34
284.45
203.13
664.02
549.24
178.77
662.39
163.07
519.89
572.61
790.46
279.11
157.01
48.67
100.91
40.23
155.90
83.59
174.40
150.25
240.71
219.28
746.58
636.81
40.66
236.57
189.52
100.36
250.94
12.80
65.34
353.98
352.35
127.69
413.90
188.99
37.73
124.69
484.71
27.24
244.98
265.29
82.32
208.18
51.53
239.08
464.49
261.89
85.46
72.04
132.86
311.70
366.08
23.41
123.17
547.47
96.67
46.33
85.57
516.57
44.37
135.51
301.83
461.98
162.55
210.20
56.40
437.56
217.47
193.96
134.96
260.51
122.96
140.36
128.96
20.92
213.74
91.78
207.11
340.71
471.52
163.39
442.00
60.51
102.10
127.69
125.24
256.29
152.86
201.59
14.76
593.89
228.33
196.42
39.68
669.51
133.74
49.84
287.92
110.96
345.85
480.26
399.63
63.57
286.55
209.24
57.52
48.78
242.90
283.42
119.75
159.19
127.26
456.97
106.39
82.90
146.41
243.61
334.78
442.10
349.86
282.06
202.42
441.31
121.16
149.09
227.45
358.49
166.72
923.62
213.37
235.62
418.79
23.47
273.65
372.38
166.90
609.87
11.07
289.77
111.14
503.83
274.26
577.39
162.87
