12.94
85.98
59.94
30.85
31.63
9.38
42.28
72.34
38.18
21.37
52.02
74.24
22.51
52.83
20.38
71.68
7.51
35.63
43.85
85.04
42.71
111.22
112.78
121.69
34.98
190.35
104.06
81.85
57.85
49.32
65.29
57.15
83.48
70.78
57.46
102.57
118.50
46.20
58.76
258.42
42.72
63.19
98.00
132.55
160.37
90.32
15.08
55.82
103.02
17.27
46.74
123.78
48.21
60.95
94.98
20.78
23.73
65.98
73.37
7.33
53.32
25.63
63.71
103.40
54.61
15.30
139.12
106.28
13.08
115.15
112.69
77.63
35.43
81.06
26.80
84.29
38.81
199.14
68.25
165.56
45.14
297.32
29.07
84.45
20.17
60.73
74.84
118.91
62.47
61.15
128.08
58.28
18.05
77.55
226.18
39.65
61.64
80.76
121.43
15.68
39.45
178.97
119.70
66.39
54.89
70.42
118.82
58.65
26.18
99.26
61.32
83.95
18.11
116.72
82.23
47.27
49.88
60.15
70.03
24.76
36.01
115.85
24.52
105.31
72.33
6.31
124.35
22.76
114.70
45.20
113.77
20.38
26.48
123.46
129.22
25.84
41.07
42.55
19.39
92.44
43.31
33.25
48.53
96.28
40.34
241.13
43.62
141.91
248.23
128.24
119.05
25.96
22.12
67.11
178.61
126.48
47.63
79.44
58.02
11.31
182.41
63.90
25.95
52.58
79.74
130.61
99.05
124.63
13.24
120.94
77.24
116.49
88.24
51.22
93.26
134.15
86.94
123.61
22.81
61.81
16.05
53.70
54.50
35.13
52.41
43.34
115.35
132.97
68.13
93.01
26.57
56.45
113.96
9.73
99.11
80.01
202.31
78.71
19.26
12.43
17.30
52.19
68.49
81.31
51.96
93.01
181.19
27.05
151.86
57.76
30.98
76.24
213.99
22.81
248.52
14.54
63.10
159.90
102.94
45.64
118.61
69.41
87.99
114.03
113.21
8.13
50.75
74.75
18.90
9.21
40.06
40.12
71.66
103.74
38.13
84.09
13.60
44.85
16.70
72.02
32.79
44.60
25.90
94.59
20.56
44.69
96.95
30.99
67.90
16.20
113.98
127.08
59.43
25.60
57.29
40.66
66.66
45.12
69.33
90.08
77.06
41.24
13.18
51.01
55.74
61.01
17.07
14.25
20.23
18.48
46.70
48.69
33.26
78.98
42.45
36.74
14.13
30.65
43.16
34.98
39.70
20.08
15.75
17.78
46.40
84.93
34.19
78.02
19.86
139.02
50.57
69.54
118.76
74.13
23.26
104.61
58.80
99.39
23.89
45.86
84.96
37.49
22.89
4.90
26.96
28.04
50.19
11.44
28.64
129.22
16.99
122.89
127.54
40.71
17.29
38.88
19.43
73.40
48.85
40.41
53.71
28.39
72.70
81.58
101.09
48.72
28.51
77.49
57.90
88.32
38.14
59.98
4.48
65.40
46.36
9.60
27.81
32.19
33.19
34.79
37.31
119.83
15.88
67.77
66.65
52.31
72.07
61.72
33.69
26.05
62.05
26.97
76.00
38.64
36.84
73.76
31.74
66.57
57.65
25.80
100.36
124.38
93.30
113.95
93.67
171.78
65.40
128.67
103.86
25.14
21.72
33.01
13.98
41.92
101.96
41.37
25.14
30.11
35.15
109.75
67.13
22.60
60.89
65.10
44.26
97.92
19.12
65.28
15.74
42.79
54.70
10.18
