26.03
44.72
17.49
21.25
8.60
17.96
14.31
14.41
23.69
18.95
22.14
9.26
26.15
28.93
44.08
9.70
1.31
25.75
5.13
45.43
27.38
28.31
18.87
11.29
4.05
33.47
8.92
32.50
18.25
7.64
26.40
33.58
8.75
78.21
38.31
6.91
21.31
105.58
48.10
16.68
42.85
60.65
46.76
48.33
9.58
43.51
39.15
52.79
29.84
54.66
59.96
26.18
18.17
50.80
22.10
54.05
30.64
90.15
54.91
1.57
76.98
51.03
53.86
34.88
146.59
29.38
21.46
40.93
49.95
27.08
32.99
16.27
21.54
18.08
44.50
46.80
42.73
27.16
37.31
7.80
12.59
56.49
6.21
85.52
17.78
8.98
6.68
12.39
12.62
31.21
30.54
41.79
35.74
119.59
36.15
30.76
83.57
56.71
13.40
65.49
43.51
58.47
30.22
14.79
11.38
32.25
9.60
54.10
49.49
96.02
19.97
35.80
57.84
34.43
84.08
29.35
43.47
31.82
118.35
20.87
25.02
55.17
44.38
17.15
39.25
27.02
7.65
3.85
156.57
41.10
19.61
68.27
3.58
58.73
42.22
24.54
19.64
34.30
61.91
101.72
56.08
25.78
45.38
72.26
20.20
139.11
12.58
60.22
23.73
9.25
18.10
77.38
58.59
49.46
35.53
49.07
64.37
16.17
13.67
61.06
100.36
48.24
39.80
81.35
35.06
100.32
39.24
68.45
20.43
49.45
32.16
13.52
74.84
78.16
60.10
98.62
25.59
12.96
58.00
9.35
14.15
16.86
76.77
61.73
38.59
23.27
15.57
50.19
83.92
60.68
21.66
48.72
18.75
9.69
19.37
10.75
98.50
48.06
48.68
15.01
35.95
27.30
49.29
22.61
40.46
37.61
35.47
75.29
18.06
64.78
62.13
51.98
66.75
58.28
41.93
130.80
32.26
25.40
84.07
3.40
25.70
47.97
3.91
28.58
159.30
77.08
16.28
31.14
91.35
5.52
26.84
72.16
33.08
19.13
15.60
76.67
59.38
88.81
14.23
61.56
65.63
68.29
36.61
69.91
83.59
45.45
22.21
30.31
8.05
30.19
35.02
10.19
53.69
20.98
50.96
44.61
25.50
13.14
22.99
17.98
28.22
60.63
46.49
32.35
11.94
8.14
26.14
37.46
3.13
47.89
31.61
52.87
5.42
35.19
28.59
5.55
13.97
18.95
27.39
43.94
54.45
7.58
18.90
52.53
16.52
32.70
5.85
19.18
16.78
43.91
29.79
13.13
5.40
20.48
23.06
1.35
16.57
4.28
17.00
38.80
18.36
66.38
15.57
44.41
22.78
14.50
11.54
88.56
76.83
53.09
48.14
85.90
13.78
54.01
53.97
85.59
10.26
28.28
11.54
18.26
60.35
37.65
16.77
60.54
55.59
74.57
77.99
42.65
6.97
7.66
70.51
41.96
28.55
41.55
14.98
51.50
5.48
39.51
26.01
16.21
19.32
18.13
22.73
52.74
33.60
118.01
7.58
28.64
87.21
23.11
17.72
31.05
7.25
58.58
25.13
33.99
22.30
1.34
12.31
18.51
40.94
8.49
25.66
8.46
12.48
10.34
33.25
63.80
20.87
26.44
12.85
5.20
47.24
19.69
18.82
94.26
23.87
64.67
26.36
35.93
40.37
43.50
26.06
11.48
4.47
11.92
16.91
11.68
11.04
11.93
28.98
41.59
13.04
35.12
11.56
17.59
38.13
15.10
23.88
4.68
46.30
64.42
57.73
22.57
50.06
23.66
8.40
18.42
