19.15
56.06
78.54
29.25
15.58
43.69
5.03
98.94
17.69
20.26
72.20
6.93
28.18
11.11
14.21
36.16
48.00
39.05
13.44
4.68
47.96
65.36
63.29
69.14
7.55
79.34
127.33
15.32
89.80
17.33
61.92
116.06
53.85
49.86
9.97
95.97
17.47
137.49
115.81
3.13
38.90
26.88
7.47
119.45
28.28
35.36
26.13
52.49
125.62
11.84
17.56
72.40
107.05
78.93
46.60
108.38
19.92
41.59
21.89
13.87
83.22
85.21
69.26
19.20
45.73
85.21
15.15
65.92
23.60
33.45
43.71
88.74
26.63
61.48
41.38
58.98
37.46
57.32
112.88
24.37
105.99
42.44
19.87
112.00
60.81
95.15
23.94
76.76
67.14
45.24
45.85
45.67
73.36
26.28
21.83
47.29
40.68
63.65
58.94
48.79
146.19
35.92
44.96
94.20
53.43
4.81
141.42
35.66
17.64
41.20
38.21
73.13
54.58
21.43
48.23
23.52
44.43
40.72
133.42
12.65
48.15
16.53
13.12
14.38
69.75
91.05
70.61
17.36
81.03
56.21
76.19
99.31
140.17
35.81
8.15
42.20
7.96
41.60
42.98
81.08
30.11
96.07
44.07
61.14
124.18
193.18
38.65
39.12
30.96
14.67
90.22
63.95
102.71
53.51
120.57
92.55
71.64
28.72
39.54
100.59
85.17
91.94
35.30
23.35
22.22
83.05
70.43
87.35
30.59
99.09
24.27
28.16
69.92
35.58
35.09
41.16
75.14
81.15
37.31
29.05
54.77
19.58
33.15
13.13
71.18
16.16
40.19
108.81
64.77
35.62
27.28
42.28
31.04
21.64
17.62
41.36
45.93
42.66
51.09
43.24
49.31
53.95
11.84
55.08
67.19
51.75
188.27
42.13
75.71
57.90
56.71
7.11
90.52
78.82
78.11
182.23
2.03
70.79
120.36
114.93
110.88
55.21
63.90
46.53
6.40
18.76
64.57
33.50
60.31
160.17
81.43
59.15
43.49
60.51
56.24
97.00
83.92
32.27
69.86
42.13
53.68
45.37
44.55
51.27
39.63
116.67
83.68
40.25
28.30
11.74
44.16
15.40
106.04
18.53
170.35
58.33
23.81
50.45
11.03
13.74
114.31
33.19
49.09
63.50
2.26
47.97
36.59
103.09
49.03
8.14
49.88
52.68
36.20
51.72
67.58
36.66
26.85
53.37
16.84
14.85
13.01
36.00
61.77
70.55
52.35
53.70
20.23
35.19
6.46
33.45
10.51
17.87
88.94
9.33
8.49
87.37
69.30
59.75
16.69
13.78
41.07
44.09
83.04
30.75
8.36
56.28
100.49
3.12
113.70
31.29
65.66
64.24
11.17
24.79
3.07
3.94
80.33
56.72
17.48
30.17
20.11
28.94
26.79
13.12
25.40
26.14
17.19
24.08
76.34
35.74
5.88
13.84
31.15
22.34
15.15
50.87
69.29
21.77
44.33
14.42
23.06
7.28
30.34
37.06
21.36
36.66
24.13
30.48
4.98
16.11
17.87
12.33
93.53
63.70
57.40
53.92
47.49
39.07
41.70
11.31
75.56
33.69
15.97
18.58
53.87
50.12
20.46
20.94
22.00
66.14
63.69
30.79
20.12
36.61
19.23
50.95
86.78
63.15
26.54
16.02
56.49
23.89
19.64
35.21
45.70
43.77
15.52
122.32
21.35
55.12
37.04
21.31
19.97
28.22
51.09
101.70
25.15
16.74
