43.66
160.31
74.73
64.13
32.43
69.26
36.30
94.18
62.20
72.66
197.50
21.00
237.86
152.54
30.11
251.96
84.42
35.12
309.92
19.28
163.85
301.68
102.11
108.15
226.68
248.12
75.55
147.29
229.01
791.72
148.49
330.49
160.56
304.63
204.20
84.86
124.44
58.61
172.61
258.93
600.53
72.81
339.59
139.76
84.58
116.90
446.72
330.98
306.18
403.13
115.04
185.28
225.25
190.97
23.00
148.54
267.50
419.70
103.68
102.16
211.60
243.78
209.48
456.30
100.56
65.52
156.63
264.04
302.03
104.13
280.97
56.92
325.38
69.10
209.10
141.00
140.97
351.22
414.04
90.65
133.20
73.00
67.53
97.74
208.24
274.51
314.20
210.25
323.16
176.73
382.37
38.32
137.20
432.77
447.98
143.26
229.12
207.45
504.74
101.33
185.44
120.13
241.33
163.86
189.89
185.19
127.60
495.61
117.32
204.32
202.02
260.08
340.68
73.97
596.52
177.55
157.01
135.39
127.41
371.27
460.89
592.17
212.74
367.32
195.49
65.64
296.28
63.11
89.68
92.34
630.66
98.80
398.83
40.91
64.85
381.14
197.38
395.19
148.28
209.84
198.95
183.99
123.79
84.25
108.12
31.05
328.80
128.37
221.28
91.65
109.01
146.91
35.48
111.14
7.72
410.03
31.69
684.50
360.39
174.55
417.05
188.31
53.98
74.78
146.71
254.38
89.86
33.56
160.11
85.39
123.22
142.78
10.34
173.49
320.32
83.96
65.86
59.17
118.15
81.42
172.39
364.58
93.51
101.78
339.31
685.20
199.83
249.21
424.09
311.10
102.48
101.13
287.85
183.86
190.84
121.24
515.31
412.53
219.83
231.84
85.30
264.84
432.60
264.03
231.23
182.81
89.78
309.88
155.63
116.01
241.87
167.81
73.65
150.71
112.06
232.25
328.96
126.48
278.01
116.78
260.56
288.85
181.82
135.01
60.60
66.24
207.51
496.03
37.64
105.03
316.68
318.27
324.38
127.64
238.74
69.45
428.11
248.85
123.42
334.37
136.31
327.31
357.17
138.25
112.85
143.66
369.46
274.23
81.98
144.40
34.77
43.06
22.52
66.93
144.53
127.43
5.09
104.09
32.49
262.38
125.51
320.18
461.13
53.69
105.36
77.57
115.50
279.98
106.60
195.06
36.88
75.59
190.65
78.00
152.66
129.20
168.25
174.55
129.93
326.06
47.64
292.25
243.80
224.46
120.98
111.52
42.34
135.31
102.49
145.83
83.61
33.86
56.77
43.49
164.19
220.99
133.19
414.27
70.51
215.03
30.96
63.43
43.84
178.33
49.99
111.37
218.94
235.21
80.28
100.71
21.34
326.10
83.73
133.90
226.30
129.22
63.29
211.93
144.47
92.11
32.82
35.05
120.44
243.75
281.89
266.58
319.22
229.94
125.17
280.37
237.90
136.41
40.28
57.41
113.43
140.45
84.91
72.68
73.86
50.53
88.33
201.84
88.37
46.97
99.51
338.27
187.03
11.41
79.06
213.70
44.35
221.25
49.00
9.32
99.83
196.32
130.73
67.16
456.40
155.96
590.22
102.35
96.94
33.42
23.94
22.08
144.51
357.50
81.74
187.44
589.19
121.38
78.06
60.74
212.69
54.95
266.04
117.33
108.49
92.70
84.32
77.07
173.44
68.43
25.30
76.29
112.46
169.85
190.46
168.95
324.99
419.54
152.58
23.57
