122.70
44.06
107.96
187.46
190.22
169.14
211.09
127.29
112.80
213.01
172.85
149.82
74.55
224.99
59.42
274.59
167.53
58.19
165.33
53.99
170.34
311.87
224.65
348.38
88.02
165.86
224.57
364.49
55.53
158.52
92.04
136.10
494.24
272.96
206.69
136.57
362.23
226.35
237.57
115.27
216.93
792.10
789.37
49.28
223.95
189.56
152.20
157.20
495.56
305.57
287.20
246.90
262.72
826.23
240.90
290.10
195.80
285.45
403.47
253.85
100.54
364.11
151.07
461.62
199.88
653.94
362.16
562.94
353.60
303.71
374.94
128.78
311.44
377.35
233.01
192.70
149.32
165.27
440.90
506.49
234.80
178.25
284.32
230.17
310.74
65.93
329.57
81.16
211.83
172.78
38.47
1089.22
278.04
353.22
1308.81
735.68
489.53
98.24
322.46
257.27
184.71
757.15
387.91
80.23
367.99
18.01
916.17
108.16
611.38
395.02
172.03
276.49
143.52
201.28
186.28
358.72
144.61
719.97
187.38
404.14
197.19
52.07
299.82
175.01
186.88
476.15
221.43
205.41
195.37
191.13
287.58
109.93
192.75
152.43
147.85
357.00
170.70
214.24
565.13
592.95
325.46
441.28
422.19
1022.85
751.68
240.06
59.79
250.28
158.25
518.06
73.39
168.54
191.96
355.57
370.05
310.13
166.29
39.27
107.49
54.70
154.81
315.84
73.09
201.81
216.68
214.36
223.89
70.97
191.78
160.74
144.75
279.49
221.81
361.20
46.62
213.65
79.89
422.37
24.26
272.57
370.62
52.89
238.10
218.88
80.88
373.96
176.01
185.25
642.87
496.25
375.35
255.30
94.44
612.84
122.08
141.32
291.78
174.11
36.44
62.19
231.93
62.41
473.99
429.95
372.93
468.41
154.84
191.77
444.55
246.13
117.49
209.84
344.95
378.81
250.44
57.21
154.58
130.84
25.25
123.45
80.32
546.80
209.95
136.43
350.65
290.98
140.12
272.72
54.14
415.37
169.78
123.00
225.49
61.29
436.99
314.33
404.38
424.96
153.62
353.87
102.52
285.14
99.38
69.93
162.03
74.47
354.64
213.67
209.65
432.08
200.79
316.92
340.82
24.83
271.34
253.46
104.32
137.88
81.29
211.55
53.24
77.58
233.48
72.26
315.30
385.63
147.36
53.51
125.07
415.03
133.80
472.51
665.49
83.36
309.23
389.09
20.73
319.26
54.02
224.36
354.51
172.24
273.45
344.99
41.96
137.15
82.66
96.62
30.58
228.38
95.34
88.04
237.58
137.01
165.34
112.59
88.86
666.71
140.70
231.25
225.87
127.93
491.94
101.20
146.46
58.06
81.20
129.69
119.67
92.92
127.75
130.71
188.48
212.69
410.26
44.87
266.49
184.10
55.93
62.31
103.19
193.47
61.83
264.51
272.51
226.99
60.88
49.21
101.60
114.70
237.48
167.32
38.55
52.70
309.17
126.73
83.66
66.73
41.97
268.41
321.59
58.32
212.20
99.30
150.17
97.89
358.65
86.27
100.45
20.66
343.89
657.24
63.79
161.35
114.64
154.06
39.60
208.97
8.48
108.37
223.17
245.00
94.44
151.96
95.92
509.25
130.62
763.02
102.64
64.67
33.47
103.06
228.91
92.93
169.99
90.67
297.45
127.30
73.08
154.12
118.83
168.97
267.52
54.60
34.11
120.48
37.54
280.85
347.52
102.76
141.80
