431.26
94.15
22.97
201.82
227.13
31.91
30.21
151.75
120.37
84.63
107.84
165.66
192.84
121.29
226.66
500.98
397.48
435.73
262.88
446.72
238.89
382.78
129.89
291.02
634.58
122.07
157.36
184.55
96.98
416.81
357.40
39.52
105.14
173.59
143.52
214.15
85.30
163.35
350.92
137.33
115.71
150.24
49.14
116.07
263.50
111.98
136.46
58.79
393.96
35.33
81.69
397.06
173.15
62.05
155.55
160.77
236.43
499.01
178.14
287.45
233.81
403.84
395.81
307.52
49.27
449.73
673.12
399.46
187.84
70.31
318.62
190.15
204.65
165.40
114.20
142.56
515.50
170.61
205.96
454.51
658.92
359.95
547.69
120.42
341.34
98.80
18.85
294.45
206.57
351.90
431.81
626.08
365.78
212.27
309.42
249.03
252.25
201.09
381.40
102.60
199.95
318.77
42.66
190.30
512.06
50.77
35.04
226.63
137.86
182.21
506.39
77.84
250.41
107.54
103.63
226.33
332.75
258.74
166.08
338.60
237.81
154.95
325.09
608.90
79.00
209.41
408.65
318.72
181.08
199.11
327.72
117.62
227.17
208.07
284.60
121.30
203.55
227.68
52.51
145.03
238.13
106.00
147.33
133.50
169.06
551.61
459.08
381.57
211.55
90.77
85.09
431.21
218.27
112.64
94.05
442.65
127.33
57.82
164.14
301.42
52.41
197.49
126.36
891.11
246.64
161.87
214.75
255.01
167.95
175.14
166.49
66.12
139.70
258.19
140.86
230.44
415.95
133.87
122.12
45.82
208.14
274.48
123.95
229.19
260.60
468.35
189.34
70.67
172.32
151.45
568.26
138.14
87.09
172.15
146.32
445.13
327.97
46.80
368.74
219.62
188.79
271.67
251.82
103.03
132.25
389.55
566.85
209.59
470.75
590.14
247.57
251.39
235.96
223.03
121.31
187.51
737.77
341.84
200.91
202.22
352.67
186.90
156.48
313.05
1301.61
155.00
421.31
367.71
607.93
66.24
396.15
156.12
70.70
505.70
607.43
140.45
150.34
86.89
164.25
431.91
271.91
23.80
164.48
11.64
203.68
202.87
209.39
320.83
75.99
306.47
71.78
342.84
233.67
187.76
263.60
301.15
59.10
286.79
49.81
127.42
154.62
349.38
248.64
69.93
158.22
141.72
94.82
197.03
90.30
275.59
28.42
81.09
485.23
58.39
130.99
210.19
434.71
38.06
74.28
126.75
192.16
226.68
99.54
69.22
357.21
76.12
478.67
273.54
83.47
87.99
212.16
218.34
35.18
389.74
133.54
261.30
49.46
130.80
196.26
39.05
131.32
337.25
106.84
36.59
126.69
98.98
202.67
49.26
119.28
207.01
27.65
525.92
255.05
117.16
130.87
90.19
83.24
168.73
100.15
40.49
66.00
359.64
142.40
386.87
293.15
102.59
182.63
154.43
127.45
195.00
137.73
119.58
756.55
85.21
39.22
92.87
13.57
104.45
178.85
324.92
93.46
208.86
145.13
78.75
300.58
160.92
591.52
97.89
110.71
106.01
289.28
109.62
201.13
167.48
208.60
244.64
61.58
58.05
170.50
284.35
176.02
216.89
134.69
212.02
245.36
286.96
267.02
162.18
281.30
397.18
177.37
271.68
219.20
26.00
329.93
139.69
360.54
62.56
381.72
215.82
154.42
280.08
197.66
26.19
