16.52
21.74
17.09
55.54
30.11
91.54
66.16
58.06
76.40
68.43
23.51
128.33
63.13
12.21
16.50
46.14
29.75
146.41
60.02
117.98
106.70
52.50
116.56
187.06
65.77
139.97
109.79
50.80
63.35
70.12
216.55
305.35
131.39
374.96
167.74
100.93
27.97
201.81
119.56
34.71
295.10
36.70
42.77
21.98
286.44
58.05
37.38
401.39
28.73
90.23
237.47
27.78
198.77
68.79
29.68
18.35
29.01
92.02
71.65
116.53
96.80
201.76
56.62
47.17
326.41
158.00
26.66
46.65
350.09
134.67
94.62
111.98
154.28
197.30
438.15
73.70
165.41
154.01
83.70
161.81
141.89
105.94
46.79
81.06
372.09
271.22
145.91
16.50
327.09
89.25
106.57
28.05
16.37
184.51
7.05
13.95
125.20
46.38
171.64
98.53
80.04
106.58
158.23
39.71
109.77
48.58
150.75
50.53
229.06
125.50
111.60
125.86
39.78
81.80
183.91
6.47
76.22
110.15
86.95
77.86
69.92
76.05
16.24
47.47
19.26
41.10
190.60
167.47
184.75
249.34
110.83
158.60
42.58
30.68
76.50
110.39
15.21
150.91
34.69
90.17
120.44
274.15
129.53
225.02
101.57
82.09
82.02
57.21
76.40
79.57
110.14
59.64
136.50
59.12
189.11
190.51
144.33
107.69
151.34
348.87
39.68
154.16
120.70
37.82
68.21
33.30
67.92
142.42
83.02
104.19
230.75
11.82
79.03
267.44
37.94
149.38
128.83
43.60
213.49
167.80
223.29
62.92
124.31
80.12
36.80
139.87
75.06
149.33
51.67
44.64
55.78
48.39
130.85
86.69
34.51
140.38
137.85
57.90
92.96
53.98
59.32
30.95
55.19
112.49
42.36
168.10
172.19
49.62
117.06
34.91
50.36
14.79
110.27
135.07
164.51
72.73
134.62
292.45
296.79
66.63
52.20
109.05
83.93
154.30
110.76
30.03
18.22
148.50
79.01
332.36
126.52
63.50
101.13
4.63
50.11
50.02
153.41
62.03
163.71
90.69
152.82
61.39
194.81
78.52
120.88
155.39
158.54
92.23
174.38
190.11
78.91
194.48
214.95
24.69
25.23
52.49
224.27
26.94
42.06
28.74
40.37
101.18
97.78
171.08
188.98
59.71
139.62
166.56
219.91
23.23
56.12
85.83
108.74
20.26
35.04
153.94
151.40
348.74
283.06
5.39
84.32
5.64
126.76
60.02
75.52
56.65
126.38
90.67
165.34
58.79
58.70
27.66
31.38
16.23
18.20
94.62
81.57
93.67
60.24
31.52
240.76
69.93
113.41
92.79
93.78
75.58
8.62
75.70
34.16
106.14
78.89
56.62
65.24
164.14
61.17
83.72
100.17
73.86
43.74
247.31
23.60
93.56
121.85
63.06
59.35
167.13
163.64
5.72
113.82
107.57
77.08
206.62
116.21
40.41
43.63
368.22
141.38
43.34
71.75
88.37
144.72
6.07
32.21
71.82
107.51
94.90
101.29
57.36
56.12
113.14
49.50
256.01
135.14
27.84
30.81
135.12
172.05
206.83
59.00
84.18
29.83
65.65
131.26
65.85
92.14
119.67
122.58
50.83
85.42
56.18
5.83
52.95
42.51
111.65
108.50
67.67
200.09
145.15
168.04
23.99
175.41
9.46
98.22
93.35
39.93
95.61
69.59
29.23
66.14
49.77
79.06
15.39
94.08
15.18
23.49
55.63
9.27
110.03
