18.28
27.98
6.01
11.01
52.96
8.50
20.56
17.82
22.12
43.71
14.93
16.18
7.81
19.00
6.53
1.82
4.78
8.13
12.70
24.87
28.91
20.20
25.96
28.76
30.98
18.57
11.51
21.48
100.98
11.02
22.54
44.56
11.52
17.43
44.94
36.48
37.61
28.40
34.01
5.81
4.06
53.29
62.95
34.31
16.09
18.53
93.56
21.14
29.98
37.53
45.69
64.20
5.28
33.51
58.18
55.12
60.88
14.58
5.71
22.42
13.25
14.34
21.09
11.19
17.73
16.47
3.96
29.20
18.47
19.88
9.03
17.57
15.79
33.66
22.62
27.67
29.23
50.78
11.41
2.85
32.28
57.25
21.18
65.36
41.23
37.93
47.41
38.24
65.28
90.77
55.10
35.27
6.81
13.10
22.75
38.89
48.70
37.33
14.87
3.56
25.88
142.29
24.28
34.14
2.45
47.03
40.68
42.72
32.00
34.17
3.61
6.47
28.00
23.05
57.58
11.87
10.49
1.64
20.56
54.01
28.37
5.04
17.53
4.46
6.98
50.74
19.00
39.56
25.91
27.60
55.99
40.66
10.68
13.90
35.23
8.46
68.28
18.84
25.60
8.24
85.51
61.38
29.89
11.93
34.05
22.79
47.88
28.52
12.51
26.30
22.07
36.39
74.32
8.97
15.48
97.21
16.69
6.42
85.50
19.74
29.09
16.58
59.58
50.58
37.88
12.78
73.16
119.23
21.07
53.45
6.52
35.25
38.60
19.84
28.16
48.53
59.40
51.25
86.85
10.09
77.31
9.65
11.26
30.51
44.38
49.01
11.40
59.43
5.85
10.74
3.92
7.64
44.60
38.64
5.54
57.17
30.71
34.63
50.88
26.02
33.48
59.40
22.87
5.03
20.78
16.83
19.61
8.41
7.90
46.64
105.08
56.69
7.16
57.81
20.11
36.02
47.58
69.58
49.01
67.20
16.87
21.53
22.15
61.62
43.45
12.89
48.49
21.94
40.75
29.29
19.11
26.79
33.97
13.34
31.30
34.18
32.76
39.23
27.65
10.53
22.19
8.93
29.66
69.41
53.30
8.19
23.04
44.93
30.55
52.75
33.24
25.97
36.13
4.04
35.43
41.88
28.73
20.86
2.40
21.97
11.81
23.65
44.21
5.09
56.92
20.50
1.93
25.18
80.15
14.16
8.37
34.74
31.66
8.12
10.24
18.43
29.19
54.85
5.28
9.02
6.60
37.56
27.05
29.94
3.51
8.86
6.64
6.97
22.80
29.88
24.69
16.45
86.89
14.98
32.20
18.04
16.85
10.50
25.29
7.40
15.84
6.60
36.17
11.43
26.89
30.38
28.53
38.24
8.82
32.21
11.96
7.28
14.36
36.58
7.95
15.32
14.48
41.47
28.03
6.45
31.19
24.15
23.18
43.59
20.47
24.43
6.21
22.04
2.03
25.94
13.82
18.54
32.13
42.83
12.25
27.08
5.00
35.40
49.95
3.63
8.86
4.77
11.23
27.51
10.69
28.57
7.58
4.70
92.58
13.50
26.74
19.59
42.83
38.43
5.93
7.21
49.26
33.15
22.94
12.46
34.05
58.04
24.72
37.72
19.05
12.12
9.02
15.15
83.48
30.29
33.00
10.37
29.98
12.49
8.73
9.47
31.46
66.63
4.23
67.95
11.81
20.45
97.09
21.44
29.86
20.64
37.27
10.03
26.32
31.31
22.57
1.40
111.25
9.61
5.09
17.76
23.40
12.20
